7385 7985 
8106 7412 
8123 7198 
7408 7984 
7556 7965 
7652 7948 
7695 7932 
7712 7925 
7772 7896 
7851 7852 
7930 7793 
8010 7689 
8055 7608 
8065 7580 
8083 7522 
8097 7458 
8105 7420 
7527 7968 
7478 7974 
7481 7972 
7483 7971 
7422 7978 
7434 7976 
7608 7955 
7583 7958 
7610 7952 
7566 7959 
7661 7936 
7655 7937 
7714 7923 
7729 7912 
7747 7903 
7736 7907 
7737 7905 
7824 7867 
7796 7876 
7829 7856 
7786 7878 
7787 7877 
7776 7882 
7797 7870 
7778 7880 
7886 7825 
7866 7838 
7897 7814 
7899 7812 
7872 7830 
7904 7806 
7914 7798 
7900 7808 
7888 7815 
7915 7794 
8004 7696 
7967 7744 
7969 7740 
7945 7770 
7991 7708 
7989 7710 
7952 7758 
7960 7747 
7980 7721 
7958 7749 
7940 7772 
7938 7774 
7971 7731 
7995 7698 
7973 7726 
7984 7711 
7982 7713 
7974 7722 
8043 7628 
8035 7638 
8021 7658 
8029 7643 
8027 7645 
8023 7652 
8012 7668 
8013 7666 
8015 7662 
8058 7596 
8056 7598 
8061 7581 
8076 7538 
8074 7540 
8068 7555 
8077 7524 
8070 7545 
8066 7557 
8069 7546 
8095 7463 
8085 7507 
8093 7469 
8094 7464 
8086 7497 
8088 7487 
8103 7427 
8099 7436 
8108 7383 
8117 7259 
8107 7384 
8110 7346 
8111 7326 
8114 7288 
8113 7296 
8115 7267 
8112 7298 
