776280	3.64367e+06
775756	3.74406e+06
775281	3.74503e+06
774606	3.84059e+06
773696	3.84481e+06
772806	3.84869e+06
772446	3.85061e+06
770646	3.85074e+06
770096	3.85304e+06
770027	3.9381e+06
769757	4.32327e+06
769307	4.32579e+06
768867	4.32714e+06
768632	4.32828e+06
768507	4.32907e+06
768417	4.32967e+06
768057	4.33159e+06
767742	4.33216e+06
767597	4.33329e+06
767507	4.33389e+06
767382	4.33408e+06
767172	4.33688e+06
766707	4.33717e+06
766497	4.33937e+06
766257	4.33969e+06
766232	4.34e+06
766047	4.3419e+06
765782	4.34252e+06
765636	4.43323e+06
765472	4.43421e+06
765276	4.43515e+06
765167	4.43998e+06
764942	4.44226e+06
764677	4.44289e+06
764227	4.4431e+06
764002	4.44538e+06
763777	4.44562e+06
763552	4.4479e+06
762687	4.44975e+06
762422	4.45038e+06
762207	4.45117e+06
762021	4.53854e+06
761796	4.54083e+06
761491	4.5466e+06
760816	4.54909e+06
760551	4.54972e+06
760366	4.55161e+06
760101	4.55224e+06
759426	4.55473e+06
758291	4.55502e+06
758026	4.55565e+06
757476	4.55644e+06
756341	4.55674e+06
756076	4.55736e+06
755526	4.558e+06
754976	4.55993e+06
753841	4.56022e+06
753736	4.56206e+06
753026	4.56239e+06
753001	4.56393e+06
752451	4.56586e+06
751351	4.65076e+06
751126	4.65305e+06
750821	4.65882e+06
750341	4.66001e+06
748871	4.66053e+06
748391	4.66172e+06
747546	4.66182e+06
747516	4.6619e+06
747281	4.66245e+06
747251	4.66252e+06
747066	4.66302e+06
746801	4.66364e+06
746746	4.66386e+06
746531	4.66523e+06
746266	4.66586e+06
746051	4.66642e+06
745796	4.6671e+06
745591	4.66835e+06
745246	4.66903e+06
745111	4.66954e+06
744981	4.66966e+06
744856	4.67022e+06
744766	4.67022e+06
744501	4.67085e+06
744376	4.67141e+06
744306	4.67214e+06
744096	4.74645e+06
743816	4.74677e+06
743791	4.75222e+06
743566	4.75451e+06
743286	4.75482e+06
742976	4.75486e+06
742301	4.75735e+06
742221	4.75777e+06
742036	4.75798e+06
741821	4.75934e+06
741311	4.76199e+06
740881	4.76246e+06
740536	4.76314e+06
740411	4.76370e+06
740146	4.76433e+06
739861	4.76563e+06
739596	4.76626e+06
739155	4.85592e+06
738000	4.8604e+06
737290	4.86073e+06
737265	4.86227e+06
736715	4.8642e+06
734115	4.86472e+06
733990	4.86528e+06
733725	4.86591e+06
733440	4.86721e+06
733175	4.86783e+06
732040	4.86813e+06
730581	4.86941e+06
730101	4.8706e+06
729426	4.8739e+06
728946	4.87509e+06
728691	4.87577e+06
728211	4.87696e+06
728141	4.87769e+06
727661	4.87889e+06
726191	4.87941e+06
725761	4.87988e+06
725711	4.8806e+06
725291	4.88112e+06
725026	4.88175e+06
724811	4.88231e+06
724546	4.88294e+06
723970	4.88349e+06
723851	4.88411e+06
723586	4.88473e+06
723461	4.8853e+06
723371	4.8853e+06
723235	4.88536e+06
723116	4.88598e+06
723086	4.96307e+06
721931	4.96755e+06
721221	4.96788e+06
721196	4.96942e+06
720646	4.97135e+06
717475	4.97802e+06
716740	4.97989e+06
716266	4.98422e+06
715585	4.98437e+06
715531	4.98609e+06
715035	4.9863e+06
714981	4.98802e+06
714376	4.99058e+06
713826	4.9925e+06
713091	4.99438e+06
710551	4.99551e+06
710286	4.99614e+06
709816	4.99738e+06
709551	4.99801e+06
708945	4.99863e+06
708920	5.00017e+06
708210	5.0005e+06
707767	5.0898e+06
706612	5.09428e+06
705877	5.09615e+06
705327	5.09808e+06
702727	5.0986e+06
702602	5.09916e+06
702337	5.09979e+06
702052	5.10109e+06
701787	5.10171e+06
701706	5.10195e+06
701156	5.10388e+06
700446	5.10421e+06
700421	5.10575e+06
699841	5.10676e+06
699291	5.10869e+06
699266	5.11023e+06
698556	5.11056e+06
696666	5.11075e+06
696016	5.1117e+06
695991	5.11324e+06
695726	5.11387e+06
695016	5.1142e+06
693881	5.11449e+06
693132	5.11544e+06
692652	5.11664e+06
692582	5.11737e+06
692102	5.11856e+06
691847	5.11924e+06
691367	5.12044e+06
690692	5.12373e+06
690212	5.12492e+06
688742	5.12544e+06
688262	5.12663e+06
687417	5.12673e+06
687387	5.12681e+06
687152	5.12736e+06
687122	5.12743e+06
686937	5.12792e+06
686672	5.12855e+06
686617	5.12877e+06
686137	5.12996e+06
685662	5.20756e+06
685637	5.2091e+06
685087	5.21103e+06
684377	5.21136e+06
684352	5.2129e+06
683772	5.21391e+06
683356	5.21455e+06
683222	5.21584e+06
683197	5.21738e+06
682546	5.21879e+06
681811	5.22066e+06
681318	5.3091e+06
680583	5.31097e+06
680033	5.3129e+06
679428	5.31545e+06
679026	5.32083e+06
676736	5.3213e+06
676426	5.32134e+06
675751	5.32383e+06
675486	5.32446e+06
674351	5.32475e+06
673972	5.32505e+06
673262	5.32538e+06
672107	5.32986e+06
668350	5.32996e+06
668085	5.33058e+06
667976	5.33428e+06
667496	5.33547e+06
665848	5.33742e+06
665806	5.33968e+06
665326	5.34087e+06
663036	5.34135e+06
662968	5.34145e+06
662531	5.34269e+06
662266	5.34332e+06
662051	5.34388e+06
661786	5.34451e+06
660651	5.3448e+06
660272	5.3451e+06
660040	5.34549e+06
658887	5.34872e+06
658407	5.34991e+06
655556	5.4341e+06
650927	5.44266e+06
649928	5.44672e+06
649718	5.44886e+06
645068	5.454e+06
641856	5.45414e+06
639877	5.45611e+06
639795	5.45698e+06
639397	5.45730e+06
638878	5.46017e+06
638398	5.46136e+06
637707	5.46151e+06
637625	5.46238e+06
637227	5.46270e+06
636708	5.46557e+06
636228	5.46676e+06
634018	5.46745e+06
633538	5.46865e+06
631848	5.47285e+06
631368	5.47405e+06
626575	5.47583e+06
626177	5.47616e+06
626095	5.47702e+06
625178	5.48022e+06
623705	5.48078e+06
623307	5.48110e+06
623225	5.48197e+06
622308	5.48516e+06
620318	5.4875e+06
617448	5.49245e+06
612917	5.49362e+06
612213	5.49394e+06
612175	5.49542e+06
610777	5.49618e+06
610257	5.49642e+06
610133	5.49658e+06
610047	5.49857e+06
607607	5.4997e+06
607127	5.50089e+06
605941	5.50098e+06
604813	5.50269e+06
604293	5.50293e+06
604088	5.50375e+06
603813	5.50412e+06
603608	5.50494e+06
603153	5.50506e+06
603071	5.50592e+06
601733	5.50676e+06
601550	5.50683e+06
601163	5.50739e+06
600007	5.50815e+06
599727	5.50964e+06
599207	5.50988e+06
599083	5.51003e+06
598900	5.51011e+06
598727	5.51107e+06
598293	5.51234e+06
596828	5.59814e+06
593958	5.60309e+06
582908	5.61654e+06
582428	5.61774e+06
571888	5.62257e+06
547768	5.63573e+06
545598	5.64113e+06
542908	5.64301e+06
540738	5.64841e+06
534548	5.65458e+06
534068	5.65578e+06
531678	5.65953e+06
531198	5.66072e+06
529688	5.66186e+06
529208	5.66306e+06
526818	5.66681e+06
526338	5.668e+06
523898	5.66913e+06
520148	5.67418e+06
516497	5.67525e+06
515498	5.67931e+06
515288	5.68146e+06
510533	5.68176e+06
510053	5.68295e+06
508897	5.68371e+06
508453	5.6844e+06
508270	5.68447e+06
508097	5.68543e+06
507973	5.68559e+06
507790	5.68566e+06
507663	5.68670e+06
507183	5.6879e+06
505583	5.68934e+06
505400	5.68942e+06
505103	5.69053e+06
504920	5.69061e+06
502453	5.69140e+06
502133	5.69194e+06
501653	5.69313e+06
501391	5.69374e+06
500993	5.69407e+06
500911	5.69493e+06
499573	5.69577e+06
499390	5.69584e+06
499263	5.69689e+06
498783	5.69808e+06
497367	5.69835e+06
497183	5.69952e+06
497000	5.6996e+06
496703	5.70072e+06
496520	5.70079e+06
496133	5.70135e+06
494263	5.70184e+06
494080	5.70192e+06
494053	5.70399e+06
493870	5.70406e+06
491403	5.70486e+06
489058	5.70722e+06
488943	5.70796e+06
488533	5.70980e+06
487733	5.71153e+06
485653	5.71417e+06
485470	5.71424e+06
481048	5.71441e+06
480898	5.71447e+06
480715	5.71455e+06
480418	5.71566e+06
480235	5.71574e+06
478873	5.7163e+06
478692	5.71705e+06
478635	5.71718e+06
478212	5.71825e+06
478155	5.71838e+06
478028	5.71942e+06
477845	5.71949e+06
477548	5.72061e+06
477365	5.72068e+06
475765	5.72213e+06
475285	5.72332e+06
472118	5.72561e+06
469903	5.72712e+06
467823	5.72976e+06
467640	5.72983e+06
466498	5.73406e+06
466315	5.73414e+06
464235	5.73678e+06
455958	5.73889e+06
455775	5.73897e+06
455478	5.74009e+06
455295	5.74016e+06
453695	5.74161e+06
453215	5.7428e+06
445923	5.74434e+06
443843	5.74697e+06
443660	5.74705e+06
