330
105
495444	423938	0	0	1	0	1	0	1	1	0	1	0	0	0	1	0	0	0	0	1	0	1	0	1	1	0	0	1	0	0	0	1	0	1	0	1	1	0	1	0	0	0	1	0	0	0	0	1	0	1	0	1	0	0	0	0	0	0	0	1	0	1	0	1	1	0	1	0	0	0	1	0	0	0	0	1	0	1	0	1	0	0	0	0	0	0	0	1	0	1	0	1	1	0	1	0	0	0	1	0	0	0	0	1	0	1	
495434	495567	0	0	1	0	1	0	1	1	0	1	0	0	1	1	0	0	0	0	1	0	1	0	1	1	0	0	0	0	0	0	1	0	1	0	1	1	0	1	0	0	1	1	0	0	0	0	1	0	1	0	1	0	0	0	0	0	0	0	1	0	1	0	0	1	0	1	0	0	1	1	0	0	0	0	1	0	1	0	1	1	0	0	0	0	0	0	1	0	1	0	1	1	0	1	0	0	1	1	0	0	0	0	1	0	1	
495334	502562	0	0	1	0	1	0	0	1	0	1	0	0	1	1	0	0	0	0	1	0	1	0	1	1	0	0	0	0	0	0	1	0	1	0	1	1	0	1	0	0	1	1	0	0	0	0	1	0	1	0	1	1	0	0	0	0	0	0	1	0	1	0	0	1	0	1	0	0	1	1	0	0	0	0	1	0	1	0	1	1	0	0	0	0	0	0	1	0	1	0	1	1	0	1	0	0	1	1	0	0	0	0	1	0	1	
494893	519144	0	0	1	0	1	0	1	1	0	1	0	0	0	1	0	0	0	0	1	0	1	0	1	1	0	0	0	0	0	0	1	0	1	0	1	1	0	1	0	0	0	1	1	0	0	0	1	0	1	0	1	0	0	0	0	0	0	0	1	0	1	0	0	1	0	1	0	0	1	1	0	0	0	0	1	0	1	0	1	1	0	0	0	0	0	0	1	0	1	0	1	1	0	1	0	0	1	1	0	0	0	0	1	0	1	
494793	526139	0	0	1	0	1	0	0	1	0	1	0	0	0	1	0	0	0	0	1	0	1	0	1	1	0	0	0	0	0	0	1	0	1	0	1	1	0	1	0	0	0	1	1	0	0	0	1	0	1	0	1	1	0	0	0	0	0	0	1	0	1	0	0	1	0	1	0	0	1	1	0	0	0	0	1	0	1	0	1	1	0	0	0	0	0	0	1	0	1	0	1	1	0	1	0	0	1	1	0	0	0	0	1	0	1	
493723	528932	0	0	1	0	1	1	0	1	0	1	0	0	0	1	0	0	0	0	1	0	1	0	1	1	0	0	0	0	0	0	1	0	1	0	1	1	0	1	0	0	0	1	1	0	1	0	0	0	1	0	1	0	0	0	0	0	0	0	1	0	1	0	0	1	0	1	0	0	1	1	0	0	0	0	1	0	1	0	1	1	0	0	0	0	0	0	1	0	1	0	1	1	0	1	0	0	1	1	0	0	0	0	1	0	1	
493722	529764	0	0	1	0	1	1	0	1	0	1	0	0	0	1	0	0	0	0	1	0	1	0	1	1	0	0	0	0	0	0	1	0	1	0	0	1	0	1	0	0	0	1	1	0	0	0	1	0	1	0	1	1	0	0	0	0	0	0	1	0	1	0	0	1	0	1	0	0	1	1	1	0	0	0	1	0	1	0	1	1	0	0	0	0	0	0	1	0	1	0	1	1	0	1	0	0	1	1	0	0	0	0	1	0	1	
493712	538684	0	0	1	0	1	1	0	1	0	1	0	0	0	1	0	0	0	0	1	0	1	0	1	1	0	0	0	0	0	0	1	0	1	0	1	1	0	1	0	0	0	1	1	0	0	0	0	0	1	0	1	0	0	0	0	0	0	0	1	0	1	0	0	1	0	1	0	0	1	1	1	0	0	0	1	0	1	0	1	1	0	0	0	0	0	0	1	0	1	0	1	1	0	1	0	0	1	1	0	0	0	0	1	0	1	
493563	544224	0	0	1	0	1	1	0	1	0	1	0	0	0	1	0	0	0	0	1	0	1	0	1	1	0	0	0	0	0	0	1	0	1	0	1	1	0	1	0	0	0	1	1	0	0	0	0	0	1	0	1	0	0	0	0	0	0	0	1	0	1	0	0	1	0	1	0	0	1	1	0	0	0	1	1	0	1	0	1	1	0	0	0	0	0	0	1	0	1	0	1	1	0	1	0	0	1	1	0	0	0	0	1	0	1	
493243	552942	0	0	1	0	1	0	1	1	0	1	0	0	1	1	0	0	0	0	1	0	1	0	1	1	0	0	1	0	0	0	1	0	1	0	1	1	0	1	0	0	0	1	1	0	0	0	1	0	1	0	1	0	0	0	0	0	0	0	1	0	1	0	0	1	0	1	0	0	1	1	0	0	0	0	1	0	1	0	1	0	0	0	0	0	0	0	1	0	1	0	1	1	0	1	0	0	1	1	0	1	0	0	1	0	1	
493182	555859	0	0	1	0	1	0	0	1	0	1	0	0	1	1	0	0	0	0	1	0	1	0	1	1	0	0	1	0	0	0	1	0	1	0	1	1	0	1	0	0	0	1	1	0	0	0	1	0	1	0	1	0	0	0	0	0	0	0	1	0	1	0	0	1	0	1	0	0	1	1	1	0	0	0	1	0	1	0	1	1	0	0	0	0	0	0	1	0	1	0	1	1	0	1	0	0	1	1	0	0	0	0	1	0	1	
493143	568165	0	0	1	0	1	0	0	1	0	1	0	0	1	1	0	0	0	0	1	0	1	0	1	1	0	0	1	0	0	0	1	0	1	0	1	1	0	1	0	0	0	1	1	0	0	0	1	0	1	0	1	0	0	0	0	0	0	0	1	0	1	0	0	1	0	1	0	0	1	1	0	0	0	0	1	0	1	0	1	1	0	0	0	0	0	0	1	0	1	0	1	1	0	1	0	0	1	1	0	1	0	0	1	0	1	
492453	570165	0	0	1	0	1	0	0	1	0	1	0	0	0	1	0	0	0	0	1	0	1	0	1	1	0	0	1	0	0	0	1	0	1	0	1	1	0	1	0	0	0	1	1	0	0	0	1	0	1	0	1	0	0	0	0	0	0	0	1	0	1	0	0	1	0	1	0	0	0	1	0	0	0	1	1	0	1	0	1	1	0	0	0	0	0	0	1	0	1	0	1	1	0	1	0	0	1	1	0	1	0	0	1	0	1	
492262	574248	0	0	1	0	1	0	1	1	0	1	0	0	1	1	0	0	0	0	1	0	1	0	1	1	0	0	0	0	0	0	1	0	1	0	1	1	0	1	0	0	0	1	1	0	1	0	1	0	1	0	1	0	0	0	0	0	0	0	1	0	1	0	0	1	0	1	0	0	1	1	1	0	0	0	1	0	1	0	1	0	0	0	0	0	0	0	1	0	1	0	1	1	0	1	0	0	1	1	0	1	0	0	1	0	1	
492251	582659	0	0	1	0	1	0	1	1	0	1	0	0	1	1	1	0	0	0	1	0	1	0	1	1	0	0	0	0	0	0	1	0	1	0	1	1	0	1	0	0	0	1	1	0	0	0	1	0	1	0	1	0	0	0	0	0	0	0	1	0	1	0	0	1	0	1	0	0	1	1	1	0	0	0	1	0	1	0	1	0	0	0	0	0	0	0	1	0	1	0	1	1	0	1	0	0	1	1	0	1	0	0	1	0	1	
492173	583261	0	0	1	0	1	0	0	1	0	1	1	0	0	1	0	0	0	0	1	0	1	0	1	1	0	0	0	0	0	0	1	0	1	0	1	1	0	1	0	0	0	1	1	0	0	0	1	0	1	0	1	0	0	0	0	0	0	0	1	0	1	0	0	1	0	1	0	0	1	1	0	0	0	1	1	0	1	0	1	1	0	0	0	0	0	0	1	0	1	0	1	1	0	1	0	0	1	1	0	1	0	0	1	0	1	
492102	589540	0	0	1	0	1	0	1	1	0	1	0	0	1	1	0	0	0	0	1	0	1	0	1	1	0	0	0	0	0	0	1	0	1	0	1	1	0	1	0	0	0	1	1	0	0	0	1	0	1	0	1	0	0	0	0	0	0	0	1	0	1	0	0	1	0	1	0	0	1	1	1	0	0	1	1	0	1	0	1	0	0	0	0	0	0	0	1	0	1	0	1	1	0	1	0	0	1	1	0	1	0	0	1	0	1	
492041	591116	0	0	1	0	1	0	0	1	0	1	0	0	1	1	1	0	0	0	1	0	1	0	1	1	0	0	0	0	0	0	1	0	1	0	1	1	0	1	0	0	0	1	1	0	0	0	1	0	1	0	1	0	0	0	0	0	0	0	1	0	1	0	0	1	0	1	0	0	1	1	1	0	0	1	1	0	1	0	1	1	0	0	0	0	0	0	1	0	1	0	1	1	0	1	0	0	1	1	0	0	0	0	1	0	1	
492013	595011	0	0	1	0	1	0	0	1	0	1	0	0	1	1	0	0	0	0	1	0	1	0	1	1	0	0	0	0	0	0	1	0	1	0	1	1	0	1	0	0	0	1	1	0	1	0	1	0	1	0	1	0	0	0	0	0	0	0	1	0	1	0	0	1	0	1	0	0	1	1	0	0	0	1	1	0	1	0	1	1	0	0	0	0	0	0	1	0	1	0	1	1	0	1	0	0	1	1	0	1	0	0	1	0	1	
492002	604763	0	0	1	0	1	0	0	1	0	1	0	0	1	1	0	0	0	0	1	0	1	0	1	1	0	0	0	0	0	0	1	0	1	0	1	1	0	1	0	0	0	1	1	0	0	0	1	0	1	0	1	0	0	0	0	0	0	0	1	0	1	0	0	1	0	1	0	0	1	1	1	0	0	1	1	0	1	0	1	1	0	0	0	0	0	0	1	0	1	0	1	1	0	1	0	0	1	1	0	1	0	0	1	0	1	
490551	604996	0	0	1	0	1	0	0	1	0	1	0	0	1	1	1	0	0	0	1	0	1	0	1	1	0	0	1	0	0	0	1	0	1	0	1	1	0	1	0	0	1	1	1	0	1	0	1	0	1	0	1	0	0	0	0	0	0	0	1	0	1	0	0	1	0	1	0	0	1	1	1	0	0	0	1	0	1	0	1	0	0	0	0	0	0	0	1	0	1	0	1	1	0	1	0	0	1	1	0	1	0	0	1	0	1	
490402	611877	0	0	1	0	1	0	0	1	0	1	0	0	1	1	0	0	0	0	1	0	1	0	1	1	0	0	1	0	0	0	1	0	1	0	1	1	0	1	0	0	1	1	1	0	1	0	1	0	1	0	1	0	0	0	0	0	0	0	1	0	1	0	0	1	0	1	0	0	1	1	1	0	0	1	1	0	1	0	1	0	0	0	0	0	0	0	1	0	1	0	1	1	0	1	0	0	1	1	0	1	0	0	1	0	1	
490391	620288	0	0	1	0	1	0	0	1	0	1	0	0	1	1	1	0	0	0	1	0	1	0	1	1	0	0	1	0	0	0	1	0	1	0	1	1	0	1	0	0	1	1	1	0	0	0	1	0	1	0	1	0	0	0	0	0	0	0	1	0	1	0	0	1	0	1	0	0	1	1	1	0	0	1	1	0	1	0	1	0	0	0	0	0	0	0	1	0	1	0	1	1	0	1	0	0	1	1	0	1	0	0	1	0	1	
490242	620452	0	0	1	0	1	0	0	1	0	1	0	0	1	1	0	0	0	0	1	0	1	0	1	1	0	0	1	0	0	0	1	0	1	0	1	1	0	1	0	0	1	1	1	0	0	1	1	0	1	0	1	0	0	0	0	0	0	0	1	0	1	0	0	1	0	1	0	0	1	1	1	0	0	1	1	0	1	0	1	0	0	0	0	0	0	0	1	0	1	0	1	1	0	1	0	0	1	1	0	1	0	0	1	0	1	
489811	621848	0	0	1	0	1	0	0	1	0	1	0	0	0	1	1	1	0	0	1	0	1	0	1	1	0	0	1	0	0	0	1	0	1	0	1	1	0	1	0	0	0	1	1	0	0	0	1	0	1	0	1	0	0	0	0	0	0	0	1	0	1	0	0	1	0	1	0	0	1	1	1	0	0	1	1	0	1	0	1	0	0	0	0	0	0	0	1	0	1	0	1	1	0	1	0	0	1	1	0	1	0	0	1	0	1	
489701	627865	0	0	1	0	1	0	0	1	0	1	0	0	0	1	1	0	0	0	1	0	1	0	1	1	0	0	1	0	0	0	1	0	1	0	1	1	0	1	0	0	0	1	1	0	0	1	1	0	1	0	1	0	0	0	0	0	0	0	1	0	1	0	0	1	0	1	0	0	1	1	1	0	0	1	1	0	1	0	1	0	0	0	0	0	0	0	1	0	1	0	1	1	0	1	0	0	1	1	0	1	0	0	1	0	1	
489421	633293	0	0	1	0	1	0	0	1	0	1	1	0	1	1	1	0	0	0	1	0	1	0	1	1	0	0	0	0	0	0	1	0	1	0	1	1	0	1	0	0	0	1	1	0	0	1	1	0	1	0	1	0	0	0	0	0	0	0	1	0	1	0	0	1	0	1	0	0	1	1	1	0	0	1	1	0	1	0	1	0	0	0	0	0	0	0	1	0	1	0	1	1	0	1	0	0	1	1	0	1	0	0	1	0	1	
489319	638226	0	0	1	0	1	0	0	1	0	1	0	0	0	1	1	0	0	0	1	0	1	0	1	1	0	0	0	0	1	0	1	0	1	0	1	1	0	1	0	0	0	1	1	0	0	0	1	0	1	0	1	0	0	0	0	0	0	0	1	0	1	0	0	1	0	1	0	0	1	1	1	0	0	1	1	0	1	0	1	0	0	0	0	0	0	0	1	0	1	0	1	1	0	1	0	0	1	1	0	1	0	0	1	0	1	
489261	640417	0	0	1	0	1	0	0	1	0	1	0	0	1	1	1	0	0	0	1	0	1	0	1	1	0	0	0	0	0	0	1	0	1	0	1	1	0	1	0	0	1	1	1	0	1	1	1	0	1	0	1	0	0	0	0	0	0	0	1	0	1	0	0	1	0	1	0	0	1	1	1	0	0	1	1	0	1	0	1	0	0	0	0	0	0	0	1	0	1	0	1	1	0	1	0	0	1	1	0	1	0	0	1	0	1	
488681	641977	0	0	1	0	1	0	0	1	0	1	0	0	0	1	1	1	0	0	1	0	1	0	1	1	0	0	0	0	0	0	1	0	1	0	1	1	0	1	0	0	0	1	1	0	1	1	1	0	1	0	1	0	0	0	0	0	0	0	1	0	1	0	0	1	0	1	0	0	1	1	1	0	0	1	1	0	1	0	1	0	0	0	0	0	0	0	1	0	1	0	1	1	0	1	0	0	1	1	0	1	0	0	1	0	1	
488311	647545	0	0	1	0	1	0	0	1	0	1	0	0	0	1	1	0	0	0	1	1	1	0	1	1	0	0	0	0	0	0	1	0	1	0	1	1	0	1	0	0	0	1	1	0	0	1	1	0	1	0	1	0	0	0	0	0	0	0	1	0	1	0	0	1	0	1	0	0	1	1	1	0	0	1	1	0	1	0	1	0	0	0	0	0	0	0	1	0	1	0	1	1	0	1	0	0	1	1	0	1	0	0	1	0	1	
487481	652766	0	0	1	0	1	0	0	1	0	1	0	0	1	1	1	0	0	0	1	0	1	0	1	0	0	0	1	0	0	0	1	0	1	0	1	1	0	1	0	0	1	1	1	0	1	1	1	0	1	0	1	0	0	0	0	0	0	0	1	0	1	0	0	1	0	1	0	0	1	1	1	0	0	1	1	0	1	0	1	0	0	0	0	0	0	0	1	0	1	0	1	1	0	1	0	0	1	1	0	1	1	1	1	0	1	
487379	659275	0	0	1	0	1	0	0	1	0	1	0	0	0	1	1	0	0	0	1	0	1	0	1	0	0	0	1	0	1	0	1	0	1	0	1	1	0	1	0	0	0	1	1	0	0	1	1	0	1	0	1	0	0	0	0	0	0	0	1	0	1	0	0	1	0	1	0	0	1	1	1	0	0	1	1	0	1	0	1	0	0	0	0	0	0	0	1	0	1	0	1	1	0	1	0	0	1	1	0	1	0	1	1	0	1	
487061	661017	0	0	1	0	1	0	0	1	0	1	0	0	1	1	1	0	0	0	1	1	1	0	1	0	0	0	1	0	0	0	1	0	1	0	1	1	0	1	0	0	1	1	1	0	0	1	1	0	1	0	1	0	0	0	0	0	0	0	1	0	1	0	0	1	0	1	0	0	1	1	1	0	0	1	1	0	1	0	1	0	0	0	0	0	0	0	1	0	1	0	1	1	0	1	0	0	1	1	0	1	0	1	1	0	1	
486439	662838	0	0	1	0	1	0	0	1	0	1	0	0	1	1	1	1	0	0	1	0	1	0	1	1	0	0	0	0	1	0	1	0	1	0	0	1	0	1	0	0	0	1	1	0	1	1	1	0	1	0	1	0	0	0	0	0	0	0	1	0	1	0	0	1	0	1	0	0	1	1	1	0	0	1	1	0	1	0	1	0	0	0	0	0	0	0	1	0	1	0	1	1	0	1	0	0	1	1	0	1	0	0	1	0	1	
486324	663146	0	0	1	0	1	1	0	1	0	1	0	0	1	1	0	0	0	0	1	0	1	0	1	1	0	0	0	0	0	0	1	0	0	0	1	1	0	1	0	0	0	1	1	0	1	1	1	0	1	0	1	1	0	0	0	0	0	0	1	0	1	0	0	1	0	1	0	0	1	1	1	0	0	1	1	0	1	0	1	1	0	0	0	0	0	0	1	0	1	0	1	1	0	1	0	0	1	1	0	1	0	0	1	0	1	
486313	671557	0	0	1	0	1	1	0	1	0	1	0	0	1	1	1	0	0	0	1	0	1	0	1	1	0	0	0	0	0	0	1	0	0	0	1	1	0	1	0	0	0	1	1	0	0	1	1	0	1	0	1	1	0	0	0	0	0	0	1	0	1	0	0	1	0	1	0	0	1	1	1	0	0	1	1	0	1	0	1	1	0	0	0	0	0	0	1	0	1	0	1	1	0	1	0	0	1	1	0	1	0	0	1	0	1	
485691	672389	0	0	1	0	1	0	0	1	0	1	0	0	1	1	1	1	0	0	1	1	1	0	1	0	0	0	0	0	0	0	1	0	1	0	1	1	0	1	0	0	0	1	1	0	1	1	1	0	1	0	1	0	0	0	0	0	0	0	1	0	1	0	0	1	0	1	0	0	1	1	1	0	0	1	1	0	1	0	1	0	0	0	0	0	0	0	1	0	1	0	1	1	0	1	0	0	1	1	0	1	1	0	1	0	1	
485673	674983	0	0	1	0	1	0	0	1	0	1	0	0	1	1	1	0	0	0	1	0	1	0	1	1	0	0	1	0	0	0	1	0	0	0	1	1	0	1	0	0	1	1	1	0	0	1	1	0	1	0	1	1	0	0	0	0	0	0	1	0	1	0	0	1	0	1	0	0	1	1	1	0	0	1	1	0	1	0	1	1	0	0	0	0	0	0	1	0	1	0	1	1	0	1	0	0	1	1	0	1	0	0	1	0	1	
485391	678349	0	0	1	0	1	0	1	1	0	1	0	0	1	1	1	0	0	0	1	0	1	0	1	1	0	0	0	0	1	0	1	0	0	0	1	1	0	1	0	0	1	1	1	0	0	0	1	0	1	0	1	0	0	0	0	0	0	0	1	0	1	0	0	1	0	1	0	0	1	1	1	0	0	1	1	0	1	0	1	1	0	0	0	0	0	0	1	0	1	0	1	1	0	1	0	0	1	1	0	1	0	0	1	0	1	
485242	678513	0	0	1	0	1	0	1	1	0	1	0	0	1	1	0	0	0	0	1	0	1	0	1	1	0	0	0	0	1	0	1	0	0	0	1	1	0	1	0	0	1	1	1	0	0	1	1	0	1	0	1	0	0	0	0	0	0	0	1	0	1	0	0	1	0	1	0	0	1	1	1	0	0	1	1	0	1	0	1	1	0	0	0	0	0	0	1	0	1	0	1	1	0	1	0	0	1	1	0	1	0	0	1	0	1	
485213	680787	0	0	1	0	1	0	0	1	0	1	0	0	1	1	1	0	0	0	1	0	1	0	1	1	0	0	1	0	0	0	1	0	0	0	1	1	0	1	0	0	0	1	1	0	0	1	0	0	1	0	1	1	0	0	0	0	0	0	1	0	1	0	0	1	0	1	0	0	1	1	1	0	0	1	0	0	1	0	1	1	0	0	0	0	0	0	1	1	1	0	1	1	0	1	0	0	1	1	0	1	0	0	1	0	1	
485142	685508	0	0	1	0	1	0	0	1	0	1	0	0	1	1	0	0	0	0	1	0	1	0	1	1	0	0	0	0	1	0	1	0	0	0	1	1	0	1	0	0	1	1	1	0	0	1	1	0	1	0	1	1	0	0	0	0	0	0	1	0	1	0	0	1	0	1	0	0	1	1	1	0	0	1	1	0	1	0	1	1	0	0	0	0	0	0	1	0	1	0	1	1	0	1	0	0	1	1	0	1	0	0	1	0	1	
484703	686412	0	0	1	0	1	0	0	1	0	1	0	0	1	1	1	0	0	0	1	0	1	0	1	1	0	0	0	0	0	0	1	0	0	0	1	1	0	1	0	0	1	1	1	0	1	1	1	0	1	0	1	1	0	0	0	0	0	0	1	0	1	0	0	1	0	1	0	0	1	1	1	0	0	1	1	0	1	0	1	1	0	0	0	0	0	0	1	0	1	0	1	1	0	1	0	0	1	1	0	1	1	0	1	0	1	
484601	692921	0	0	1	0	1	0	0	1	0	1	0	0	0	1	1	0	0	0	1	0	1	0	1	1	0	0	0	0	1	0	1	0	0	0	1	1	0	1	0	0	0	1	1	0	0	1	1	0	1	0	1	1	0	0	0	0	0	0	1	0	1	0	0	1	0	1	0	0	1	1	1	0	0	1	1	0	1	0	1	1	0	0	0	0	0	0	1	0	1	0	1	1	0	1	0	0	1	1	0	1	0	0	1	0	1	
484283	694663	0	0	1	0	1	0	0	1	0	1	0	0	1	1	1	0	0	0	1	1	1	0	1	1	0	0	0	0	0	0	1	0	0	0	1	1	0	1	0	0	1	1	1	0	0	1	1	0	1	0	1	1	0	0	0	0	0	0	1	0	1	0	0	1	0	1	0	0	1	1	1	0	0	1	1	0	1	0	1	1	0	0	0	0	0	0	1	0	1	0	1	1	0	1	0	0	1	1	0	1	0	0	1	0	1	
483843	696494	0	0	1	0	1	0	0	1	0	1	0	0	0	1	1	0	0	0	1	0	1	0	1	1	0	0	0	0	0	0	1	0	0	0	1	1	0	1	0	0	0	1	1	0	1	1	0	0	1	0	1	1	0	0	0	0	0	0	1	0	1	0	0	1	0	1	0	0	1	1	1	0	0	1	1	0	1	0	1	1	0	0	0	0	0	0	1	1	1	0	1	1	0	1	0	0	1	1	0	1	1	0	1	0	1	
483823	700467	0	0	1	0	1	0	0	1	0	1	0	0	1	1	1	0	0	0	1	1	1	0	1	1	0	0	0	0	0	0	1	0	0	0	1	1	0	1	0	0	0	1	1	0	0	1	0	0	1	0	1	1	0	0	0	0	0	0	1	0	1	0	0	1	0	1	0	0	1	1	1	0	0	1	0	0	1	0	1	1	0	0	0	0	0	0	1	1	1	0	1	1	0	1	0	0	1	1	0	1	0	0	1	0	1	
483423	704745	0	0	1	0	1	0	0	1	0	1	0	0	0	1	1	0	0	0	1	1	1	0	1	1	0	0	0	0	0	0	1	0	0	0	1	1	0	1	0	0	0	1	1	0	0	1	0	0	1	0	1	1	0	0	0	0	0	0	1	0	1	0	0	1	0	1	0	0	1	1	1	0	0	1	1	0	1	0	1	1	0	0	0	0	0	0	1	1	1	0	1	1	0	1	0	0	1	1	0	1	0	0	1	0	1	
483021	705048	0	0	1	0	1	0	0	1	0	1	0	0	1	1	1	0	0	0	1	0	1	0	1	1	0	0	1	0	1	0	1	0	0	0	1	1	0	1	0	0	1	1	1	0	0	1	1	0	1	0	1	0	0	0	0	0	0	0	1	0	1	0	0	1	0	1	0	0	1	1	1	0	0	1	1	0	1	0	1	1	0	0	0	0	0	0	1	0	1	0	1	1	0	1	0	0	1	1	0	1	0	0	1	0	1	
483001	712889	0	0	1	0	1	0	0	1	0	1	0	0	1	1	1	0	0	0	1	0	1	0	1	1	0	0	1	0	1	0	1	0	0	0	1	1	0	1	0	0	0	1	1	0	1	1	1	0	1	0	1	0	0	0	0	0	0	0	1	0	1	0	0	1	0	1	0	0	1	1	1	0	0	1	1	0	1	0	1	1	0	0	0	0	0	0	1	0	1	0	1	1	0	1	0	0	1	1	0	1	0	0	1	0	1	
482951	715447	0	0	1	0	1	0	0	1	0	1	0	0	1	1	1	1	0	0	1	0	1	0	1	1	0	0	1	0	1	0	1	0	0	0	1	1	0	1	0	0	0	1	1	0	0	1	1	0	1	0	1	0	0	0	0	0	0	0	1	0	1	0	0	1	0	1	0	0	1	1	1	0	0	1	1	0	1	0	1	1	0	0	0	0	0	0	1	0	1	0	1	1	0	1	0	0	1	1	0	1	0	0	1	0	1	
482103	716191	0	0	1	0	1	0	0	1	0	1	0	0	1	1	1	1	0	0	1	1	1	0	1	1	0	0	1	0	0	0	1	0	0	0	1	1	0	1	0	0	0	1	1	0	1	1	1	0	1	0	1	0	0	0	0	0	0	0	1	0	1	0	0	1	0	1	0	0	1	1	1	0	0	1	1	0	1	0	1	1	0	0	0	0	0	0	1	0	1	0	1	1	0	1	0	0	1	1	0	1	0	0	1	0	1	
482063	717029	0	0	1	0	1	0	0	1	0	1	0	0	0	1	1	0	1	0	1	0	1	0	1	1	0	0	1	0	0	0	1	0	0	0	1	1	0	1	0	0	0	1	1	0	1	1	0	0	1	0	1	0	0	0	0	0	0	0	1	0	1	0	0	1	0	1	0	0	1	1	1	0	0	1	1	0	1	0	1	1	0	0	0	0	0	0	1	1	1	0	1	1	0	1	0	0	1	1	0	1	1	1	1	0	1	
482031	723268	0	0	1	0	1	0	0	1	0	1	0	0	1	1	1	0	1	0	1	0	1	0	1	1	0	0	0	0	1	0	1	0	0	0	1	1	0	1	0	0	0	1	1	0	1	1	1	0	1	0	1	0	0	0	0	0	0	0	1	0	1	0	0	1	0	1	0	0	1	1	1	0	0	1	1	0	1	0	1	1	0	0	0	0	0	0	1	0	1	0	1	1	0	1	0	0	1	1	0	1	1	0	1	0	1	
481821	725403	0	0	1	0	1	0	0	1	0	1	0	0	1	1	1	1	0	0	1	0	1	0	1	1	0	0	0	0	1	0	1	0	0	0	1	1	0	1	0	0	0	1	1	0	1	1	1	0	1	0	1	0	0	0	0	0	0	0	1	0	1	0	0	1	0	1	0	0	1	1	1	0	0	1	1	0	1	0	1	1	0	0	0	0	0	0	1	0	1	0	1	1	0	1	0	0	1	1	0	1	0	1	1	0	1	
481803	727803	0	0	1	0	1	0	0	1	0	1	0	0	0	1	1	0	0	0	1	1	1	0	1	1	0	0	1	0	0	0	1	0	0	0	1	1	0	1	0	0	0	1	1	0	1	1	0	0	1	0	1	0	0	0	0	0	0	0	1	0	1	0	0	1	0	1	0	0	1	1	1	0	0	1	1	0	1	0	1	1	0	0	0	0	0	0	1	1	1	0	1	1	0	1	0	0	1	1	0	1	1	0	1	0	1	
481611	732569	0	0	1	0	1	0	0	1	0	1	0	0	1	1	1	0	0	0	1	1	1	0	1	1	0	0	0	0	1	0	1	0	0	0	1	1	0	1	0	0	0	1	1	0	1	1	1	0	1	0	1	0	0	0	0	0	0	0	1	0	1	0	0	1	0	1	0	0	1	1	1	0	0	1	1	0	1	0	1	1	0	0	0	0	0	0	1	0	1	0	1	1	0	1	0	0	1	1	0	1	0	0	1	0	1	
480673	736709	0	0	1	0	1	0	0	1	0	1	0	0	0	1	1	0	1	0	1	1	1	0	1	1	0	0	0	0	0	0	1	0	0	0	1	1	0	1	0	0	0	1	1	0	1	1	0	0	1	0	1	0	0	0	0	0	0	0	1	0	1	0	0	1	0	1	0	0	1	1	1	0	0	1	1	0	1	0	1	1	0	0	0	0	0	0	1	1	1	0	1	1	0	1	0	0	1	1	0	1	1	1	1	0	1	
480293	739849	0	0	1	0	1	0	0	1	0	1	0	0	0	1	1	0	0	0	1	1	1	0	1	1	0	0	0	0	0	1	1	0	0	0	1	1	0	1	0	0	0	1	1	0	1	1	0	0	1	0	1	0	0	0	0	0	0	0	1	0	1	0	0	1	0	1	0	0	1	1	1	0	0	1	1	0	1	0	1	1	0	0	0	0	0	0	1	1	1	0	1	1	0	1	0	0	1	1	0	1	1	0	1	0	1	
479961	742241	0	0	1	0	1	0	0	1	0	1	0	0	1	1	1	1	0	0	1	1	1	0	1	1	0	0	1	0	1	0	1	0	0	0	1	1	0	1	0	0	1	1	1	0	1	1	1	0	1	0	1	0	0	0	0	0	0	0	1	0	1	0	0	1	0	1	0	0	1	1	1	0	0	1	1	0	1	0	1	0	0	0	0	0	0	0	1	0	1	0	1	1	0	1	0	0	1	1	0	1	0	0	1	0	1	
479262	746181	0	0	1	0	1	0	0	1	0	1	0	0	1	1	1	0	0	0	1	1	1	0	1	1	0	0	1	0	1	0	1	0	1	0	1	1	0	1	0	0	0	1	1	0	0	1	1	0	1	0	1	1	0	0	0	0	0	0	1	0	1	0	0	1	0	1	0	0	1	1	1	0	0	1	1	0	1	0	1	1	0	0	0	0	0	0	0	0	1	0	1	1	0	1	0	0	1	1	0	1	0	0	1	0	1	
478991	752620	0	0	1	0	1	0	0	1	0	1	0	0	1	1	1	1	1	0	1	1	1	0	1	1	0	0	0	0	1	0	1	0	0	0	1	1	0	1	0	0	1	1	1	0	1	1	1	0	1	0	1	0	0	0	0	0	0	0	1	0	1	0	0	1	0	1	0	0	1	1	1	0	0	1	1	0	1	0	1	0	0	0	0	0	0	0	1	0	1	0	1	1	0	1	0	0	1	1	0	1	1	0	1	0	1	
478451	754287	0	0	1	0	1	0	0	1	0	1	0	0	1	1	1	1	0	0	1	1	1	0	1	1	0	0	0	0	1	1	1	0	0	0	1	1	0	1	0	0	1	1	1	0	1	1	1	0	1	0	1	0	0	0	0	0	0	0	1	0	1	0	0	1	0	1	0	0	1	1	1	0	0	1	1	0	1	0	1	0	0	0	0	0	0	0	1	0	1	0	1	1	0	1	0	0	1	1	0	1	0	0	1	0	1	
478292	757610	0	0	1	0	1	0	0	1	0	1	0	0	1	1	1	0	0	0	1	1	1	0	1	1	0	0	0	0	1	0	1	0	1	0	1	1	0	1	0	0	0	1	1	0	1	1	1	0	1	0	1	1	0	0	0	0	0	0	1	0	1	0	0	1	0	1	0	0	1	1	1	0	0	1	1	0	1	0	1	1	0	0	0	0	0	0	0	0	1	0	1	1	0	1	0	0	1	1	0	1	1	0	1	0	1	
477832	758788	0	0	1	0	1	0	0	1	0	1	0	0	0	1	1	0	0	0	1	1	1	0	1	1	0	0	0	0	1	0	1	0	1	0	1	1	0	1	0	0	0	1	1	0	1	1	0	0	1	0	1	1	0	0	0	0	0	0	1	0	1	0	0	1	0	1	0	0	1	1	1	0	0	1	0	0	1	0	1	1	0	0	0	0	0	0	0	1	1	0	1	1	0	1	0	0	1	1	0	1	1	0	1	0	1	
477612	760186	0	0	1	0	1	0	0	1	0	1	0	0	1	1	1	1	0	0	1	1	1	0	1	1	0	0	1	0	1	0	1	0	1	0	1	1	0	1	0	0	1	1	1	0	0	1	1	0	1	0	1	0	0	0	0	0	0	0	1	0	1	0	0	1	0	1	0	0	1	1	1	0	0	1	1	0	1	0	1	1	0	0	1	0	0	0	0	0	1	0	1	1	0	1	0	0	1	1	0	1	0	0	1	0	1	
477463	763039	0	0	1	0	0	0	0	1	0	1	0	0	1	1	1	0	0	0	1	0	1	0	1	1	0	0	1	0	1	0	1	0	0	0	1	1	0	1	0	0	0	1	1	0	1	1	0	0	1	0	1	1	0	0	1	0	0	0	1	0	1	0	0	1	0	1	0	0	1	1	1	0	0	1	1	0	1	0	1	1	0	0	1	0	0	0	1	1	1	0	1	1	0	1	0	0	1	1	0	1	0	0	1	0	1	
477455	765373	0	0	1	0	0	0	1	1	0	1	0	0	0	1	1	0	1	0	1	1	1	0	1	1	0	0	1	0	0	0	1	0	0	0	1	1	0	1	0	0	0	1	1	0	1	1	1	0	1	0	1	1	0	0	0	0	0	0	1	0	1	0	0	1	0	1	0	0	1	1	1	0	0	1	1	0	1	0	1	1	0	0	0	0	0	0	1	1	1	0	1	1	0	1	0	0	1	1	0	1	1	0	1	0	1	
477063	769423	0	0	1	0	0	1	0	1	0	1	0	0	1	1	1	0	0	0	1	1	1	0	1	1	0	0	1	0	1	0	1	0	0	0	1	1	0	1	0	0	0	1	1	0	1	1	1	0	1	0	1	1	0	0	0	0	0	0	1	0	1	0	0	1	0	1	0	0	1	1	1	0	0	1	1	0	1	0	1	1	0	0	0	0	0	0	1	0	1	0	1	1	0	1	0	0	1	1	0	1	0	0	1	0	1	
476725	772781	0	0	1	0	0	0	0	1	0	1	0	0	1	1	1	0	0	0	1	1	1	0	1	1	0	0	1	0	0	0	1	0	0	0	1	1	0	1	0	0	0	1	1	0	1	1	1	0	1	0	1	1	0	0	1	0	0	0	1	0	1	0	0	1	0	1	0	0	1	1	1	0	0	1	1	0	1	0	1	1	0	0	1	0	0	0	1	1	1	0	1	1	0	1	0	0	1	1	0	1	1	0	1	0	1	
476642	775510	0	0	1	0	1	0	0	1	0	1	0	0	1	1	1	1	0	0	1	1	1	0	1	1	0	0	1	0	1	0	1	0	1	0	1	1	0	1	0	0	1	1	1	0	1	1	1	0	1	0	1	0	0	0	0	0	0	0	1	0	1	0	0	1	0	1	0	0	1	1	1	0	0	1	1	0	1	0	1	1	0	0	0	0	0	0	0	0	1	0	1	1	0	1	0	0	1	1	0	1	1	0	1	0	1	
476493	778574	0	0	1	0	0	0	0	1	0	1	0	0	1	1	1	0	1	0	1	0	1	0	1	1	0	0	1	0	1	0	1	0	0	0	1	1	0	1	0	0	0	1	1	0	1	1	0	0	1	0	1	1	0	0	0	0	0	0	1	0	1	0	0	1	0	1	0	0	1	1	1	0	0	1	1	0	1	0	1	1	0	0	1	0	0	0	1	1	1	0	1	1	0	1	0	0	1	1	0	1	1	0	1	0	1	
476233	779175	0	0	1	0	0	0	0	1	0	1	0	0	1	1	1	0	0	0	1	1	1	0	1	1	0	0	1	0	1	0	1	0	0	0	1	1	0	1	0	0	0	1	1	0	1	0	0	0	1	0	1	1	0	0	0	0	0	0	1	0	1	0	0	1	0	1	0	0	1	1	1	0	0	1	1	0	1	0	1	1	0	0	1	0	0	0	1	1	1	0	1	1	0	1	0	0	1	1	0	1	1	0	1	0	1	
476093	779802	0	0	1	0	0	1	0	1	0	1	0	0	1	1	1	0	1	0	1	1	1	0	1	1	0	0	0	0	1	0	1	0	0	0	1	1	0	1	0	0	0	1	1	0	1	1	1	0	1	0	1	1	0	0	0	0	0	0	1	0	1	0	0	1	0	1	0	0	1	1	1	0	0	1	1	0	1	0	1	1	0	0	0	0	0	0	1	0	1	0	1	1	0	1	0	0	1	1	0	1	1	0	1	0	1	
476073	787875	0	0	1	0	0	0	0	1	0	1	0	0	1	1	1	0	0	0	1	1	1	0	1	1	0	0	1	0	1	0	1	0	0	0	1	1	0	1	0	0	0	1	1	0	1	1	0	0	1	0	1	1	0	0	0	0	0	0	1	0	1	0	0	1	0	1	0	0	1	1	1	0	0	1	1	0	1	0	1	1	0	0	1	0	0	0	1	1	1	0	1	1	0	1	0	0	1	1	0	1	0	0	1	0	1	
475215	789983	0	0	1	0	0	0	0	1	0	1	0	0	1	1	1	0	0	0	1	1	1	0	1	1	0	0	1	0	0	1	1	0	0	0	1	1	0	1	0	0	0	1	1	0	1	1	1	0	1	0	1	1	0	0	0	0	0	0	1	0	1	0	0	1	0	1	0	0	1	1	1	0	0	1	1	0	1	0	1	1	0	0	1	0	0	0	1	1	1	0	1	1	0	1	0	0	1	1	0	1	1	0	1	0	1	
475103	802149	0	0	1	0	0	0	0	1	0	1	0	0	1	1	1	0	1	0	1	1	1	0	1	1	0	0	1	0	1	0	1	0	0	0	1	1	0	1	0	0	0	1	1	0	1	1	0	0	1	0	1	1	0	0	0	0	0	0	1	0	1	0	0	1	0	1	0	0	1	1	1	0	0	1	1	0	1	0	1	1	0	0	0	0	0	0	1	1	1	0	1	1	0	1	0	0	1	1	0	1	1	0	1	0	1	
474563	803816	0	0	1	0	0	0	0	1	0	1	0	0	1	1	1	0	0	0	1	1	1	0	1	1	0	0	1	0	1	1	1	0	0	0	1	1	0	1	0	0	0	1	1	0	1	1	0	0	1	0	1	1	0	0	0	0	0	0	1	0	1	0	0	1	0	1	0	0	1	1	1	0	0	1	1	0	1	0	1	1	0	0	0	0	0	0	1	1	1	0	1	1	0	1	0	0	1	1	0	1	0	0	1	0	1	
474293	804179	0	0	1	0	0	0	0	1	0	1	0	0	1	1	1	0	0	0	1	1	1	0	1	1	0	0	1	0	1	0	1	0	0	0	1	1	0	1	0	0	0	1	1	0	1	1	0	0	1	0	1	0	0	0	1	0	0	0	1	0	1	0	0	1	0	1	0	0	1	1	1	0	0	1	1	0	1	0	1	1	0	0	1	0	0	0	1	1	1	0	1	1	0	1	0	0	1	1	0	1	1	1	1	0	1	
473962	806036	0	0	1	0	0	0	0	1	0	1	0	0	1	1	1	0	1	0	1	1	1	0	1	1	0	0	0	0	1	0	1	0	0	0	1	1	0	1	0	0	0	1	1	0	1	1	0	0	1	0	1	1	0	0	0	0	0	0	1	0	1	0	0	1	0	1	0	0	1	1	1	0	0	1	1	0	1	0	1	1	0	0	0	0	0	0	1	1	1	0	1	1	0	1	0	0	1	1	1	1	1	1	1	0	1	
473593	814195	0	0	1	0	0	0	0	1	0	1	0	0	1	1	1	0	1	0	1	1	1	0	1	1	0	0	0	0	1	1	1	0	0	0	1	1	0	1	0	0	0	1	1	0	1	1	0	0	1	0	1	1	0	0	0	0	0	0	1	0	1	0	0	1	0	1	0	0	1	1	1	0	0	1	1	0	1	0	1	1	0	0	0	0	0	0	1	1	1	0	1	1	0	1	0	0	1	1	0	1	1	0	1	0	1	
471723	814822	0	0	1	0	0	0	0	1	0	1	0	0	1	1	1	0	1	0	1	1	1	0	1	1	0	0	1	0	1	1	1	0	0	0	1	1	0	1	0	0	1	1	1	0	1	1	0	0	1	0	1	0	0	0	0	0	0	0	1	0	1	0	0	1	0	1	0	0	1	1	1	0	0	1	0	0	1	0	1	1	0	0	0	0	0	0	1	1	1	0	1	1	0	1	0	0	1	1	0	1	1	1	1	0	1	
471603	815204	0	0	1	0	0	0	0	1	0	1	0	0	1	1	1	1	1	0	1	1	1	0	1	1	0	0	1	0	1	1	1	0	0	0	1	1	0	1	0	0	0	1	1	0	1	1	1	0	1	0	1	0	0	0	0	0	0	0	1	0	1	0	0	1	0	1	0	0	1	1	1	0	0	1	1	0	1	0	1	1	0	0	0	0	0	0	1	0	1	0	1	1	0	1	0	0	1	1	0	1	1	1	1	0	1	
471472	819255	0	0	1	0	0	0	0	1	0	1	0	0	1	1	1	0	1	0	1	1	1	0	1	1	0	0	1	0	1	1	1	0	0	0	1	1	0	1	0	0	0	1	1	0	1	1	0	0	1	0	1	0	0	0	0	0	0	0	1	0	1	0	0	1	0	1	0	0	1	1	1	0	0	1	1	0	1	0	1	1	0	0	0	0	0	0	1	1	1	0	1	1	0	1	0	0	1	1	1	1	1	0	1	0	1	
471323	823726	0	0	1	0	0	0	0	1	0	1	0	0	1	1	1	0	1	0	1	1	1	0	1	1	0	0	1	0	1	1	1	0	0	0	1	1	0	1	0	0	0	1	1	0	1	1	0	0	1	0	1	0	0	0	0	0	0	0	1	0	1	0	0	1	0	1	0	0	1	1	1	0	0	1	1	0	1	0	1	1	0	0	0	0	0	0	1	1	1	0	1	1	0	1	0	0	1	1	0	1	1	1	1	0	1	
470789	824950	0	0	1	0	1	0	0	1	0	1	0	0	0	1	1	0	1	0	1	1	1	0	1	1	0	0	1	0	1	0	1	0	0	0	1	1	0	1	0	0	0	1	1	0	1	1	0	0	1	0	1	1	0	0	0	0	0	0	1	0	1	0	0	1	0	1	0	0	1	1	1	0	0	1	1	0	1	0	1	1	0	0	0	0	0	0	0	1	1	0	1	1	0	1	0	1	1	1	0	1	1	1	1	0	1	
470723	825508	0	0	1	0	1	0	0	1	0	1	0	0	0	1	1	0	1	0	1	1	1	0	1	1	0	0	1	0	1	0	1	0	0	0	1	1	0	1	0	0	0	1	1	0	1	1	1	0	1	0	1	1	0	0	1	0	0	0	1	0	1	0	0	1	0	1	0	0	1	1	1	0	0	1	1	0	1	0	1	1	0	0	1	0	0	0	0	1	1	0	1	1	0	1	0	0	1	1	1	1	1	0	1	0	1	
470574	829979	0	0	1	0	1	0	0	1	0	1	0	0	0	1	1	0	1	0	1	1	1	0	1	1	0	0	1	0	1	0	1	0	0	0	1	1	0	1	0	0	0	1	1	0	1	1	1	0	1	0	1	1	0	0	1	0	0	0	1	0	1	0	0	1	0	1	0	0	1	1	1	0	0	1	1	0	1	0	1	1	0	0	1	0	0	0	0	1	1	0	1	1	0	1	0	0	1	1	0	1	1	1	1	0	1	
470194	833119	0	0	1	0	1	0	0	1	0	1	0	0	0	1	1	0	0	0	1	1	1	0	1	1	0	0	1	0	1	1	1	0	0	0	1	1	0	1	0	0	0	1	1	0	1	1	1	0	1	0	1	1	0	0	1	0	0	0	1	0	1	0	0	1	0	1	0	0	1	1	1	0	0	1	1	0	1	0	1	1	0	0	1	0	0	0	0	1	1	0	1	1	0	1	0	0	1	1	0	1	1	0	1	0	1	
469644	840654	0	0	1	0	1	0	0	1	0	1	0	0	1	1	1	0	1	0	1	1	1	0	1	1	0	0	1	0	1	1	1	0	0	0	1	1	0	1	0	0	1	1	1	0	1	1	0	0	1	0	1	1	0	0	0	0	0	0	1	0	1	0	0	1	0	1	0	0	1	1	1	0	0	1	1	0	1	0	1	1	0	0	1	0	0	0	0	1	1	0	1	1	0	1	0	0	1	1	0	1	1	0	1	0	1	
469213	842710	0	0	1	0	1	0	0	1	0	1	0	0	0	1	1	0	1	0	1	1	1	0	1	1	0	0	1	0	1	1	1	0	0	0	1	1	0	1	0	0	0	1	1	0	1	1	1	0	1	0	1	1	0	0	0	0	0	0	1	0	1	0	0	1	0	1	0	0	1	1	1	0	0	1	1	0	1	0	1	1	0	0	1	0	0	0	0	1	1	0	1	1	0	1	0	0	1	1	1	1	1	0	1	0	1	
469064	847181	0	0	1	0	1	0	0	1	0	1	0	0	0	1	1	0	1	0	1	1	1	0	1	1	0	0	1	0	1	1	1	0	0	0	1	1	0	1	0	0	0	1	1	0	1	1	1	0	1	0	1	1	0	0	0	0	0	0	1	0	1	0	0	1	0	1	0	0	1	1	1	0	0	1	1	0	1	0	1	1	0	0	1	0	0	0	0	1	1	0	1	1	0	1	0	0	1	1	0	1	1	1	1	0	1	
468503	848436	0	0	1	0	1	0	0	1	0	1	0	0	1	1	1	0	1	0	1	1	1	0	1	1	0	0	1	0	1	1	1	0	0	0	1	1	0	1	0	0	1	1	1	0	1	1	0	0	1	0	1	1	0	0	0	0	0	0	1	0	1	0	0	1	0	1	0	0	1	1	1	0	0	1	1	0	1	0	1	1	0	0	0	0	0	0	0	1	1	0	1	1	0	1	0	0	1	1	1	1	1	1	1	0	1	
467923	849996	0	0	1	0	1	0	0	1	0	1	0	0	0	1	1	1	1	0	1	1	1	0	1	1	0	0	1	0	1	1	1	0	0	0	1	1	0	1	0	0	0	1	1	0	1	1	0	0	1	0	1	1	0	0	0	0	0	0	1	0	1	0	0	1	0	1	0	0	1	1	1	0	0	1	1	0	1	0	1	1	0	0	0	0	0	0	0	1	1	0	1	1	0	1	0	0	1	1	1	1	1	1	1	0	1	
467853	851014	0	0	1	0	1	0	0	1	0	1	0	0	1	1	1	0	1	0	1	1	1	0	1	1	0	0	1	0	1	1	1	0	0	0	1	1	0	1	0	0	1	1	1	0	1	1	0	0	1	0	1	0	0	0	1	0	0	0	1	0	1	0	0	1	0	1	0	0	1	1	1	0	0	1	1	0	1	0	1	1	0	0	1	0	0	0	0	1	1	0	1	1	0	1	0	0	1	1	1	1	1	1	1	0	1	
467680	852287	0	0	1	0	0	0	0	1	0	1	0	0	1	1	1	0	1	0	1	1	1	0	1	1	0	0	1	0	1	1	1	0	0	0	1	1	0	1	0	0	0	1	1	0	1	1	1	0	1	0	1	1	0	0	0	0	0	0	1	0	0	0	0	1	0	1	0	0	1	1	1	0	0	1	1	0	1	0	1	1	0	0	1	0	0	0	1	1	1	0	1	1	0	1	0	1	1	1	0	1	1	0	1	0	1	
467674	853717	0	0	1	0	1	0	0	1	0	1	0	0	0	1	1	0	1	0	1	1	1	0	1	1	0	0	1	0	1	1	1	0	0	0	1	1	0	1	0	0	0	1	1	0	1	1	1	0	1	0	1	1	0	0	0	0	0	0	1	0	1	0	0	1	0	1	0	0	1	1	1	0	0	1	1	1	1	0	1	1	0	0	0	0	0	0	0	1	1	0	1	1	0	1	0	0	1	1	0	1	1	1	1	0	1	
467024	856295	0	0	1	0	1	0	0	1	0	1	0	0	0	1	1	0	1	0	1	1	1	0	1	1	0	0	1	0	1	1	1	0	0	0	1	1	0	1	0	0	0	1	1	0	1	1	1	0	1	0	1	0	0	0	1	0	0	0	1	0	1	0	0	1	0	1	0	0	1	1	1	0	0	1	1	1	1	0	1	1	0	0	1	0	0	0	0	1	1	0	1	1	0	1	0	0	1	1	0	1	1	1	1	0	1	
466539	860069	0	0	1	0	0	0	0	1	0	1	0	0	1	1	1	0	1	0	1	1	1	0	1	1	0	0	1	0	1	1	1	0	0	0	1	1	0	1	0	0	0	1	1	0	1	1	1	0	1	0	1	1	0	0	0	0	0	0	1	0	0	0	0	1	0	1	0	0	1	1	1	0	0	1	1	0	1	0	1	1	0	0	0	0	0	0	1	1	1	0	1	1	0	1	0	1	1	1	1	1	1	1	1	0	1	
466324	860131	0	0	1	0	0	0	0	1	0	1	0	0	1	1	1	1	1	0	1	1	1	0	1	1	0	0	1	0	1	1	1	0	0	0	1	1	0	1	0	0	0	1	1	0	1	1	1	0	1	0	1	1	0	0	1	0	0	0	1	0	0	0	0	1	0	1	0	0	1	1	1	0	0	1	1	0	1	0	1	1	0	0	1	0	0	0	1	1	1	0	1	1	0	1	0	0	1	1	1	1	1	0	1	0	1	
466175	864602	0	0	1	0	0	0	0	1	0	1	0	0	1	1	1	1	1	0	1	1	1	0	1	1	0	0	1	0	1	1	1	0	0	0	1	1	0	1	0	0	0	1	1	0	1	1	1	0	1	0	1	1	0	0	1	0	0	0	1	0	0	0	0	1	0	1	0	0	1	1	1	0	0	1	1	0	1	0	1	1	0	0	1	0	0	0	1	1	1	0	1	1	0	1	0	0	1	1	0	1	1	1	1	0	1	
465431	866073	0	0	1	0	0	0	1	1	0	1	0	0	1	1	1	0	0	0	1	1	1	0	1	1	0	0	1	0	1	1	1	0	0	0	1	1	0	1	0	0	0	1	1	0	1	1	1	0	1	0	1	1	0	0	1	0	0	0	1	0	1	0	0	1	0	1	0	0	1	1	1	0	0	1	1	0	1	0	1	1	0	0	1	0	0	0	0	1	1	0	1	1	0	1	0	1	1	1	0	1	1	0	1	0	1	
464986	867268	0	0	1	0	0	0	0	1	0	1	0	0	0	1	1	1	1	0	1	1	1	0	1	1	0	0	1	0	1	0	1	0	0	0	1	1	0	1	0	1	0	1	1	0	1	1	1	0	1	0	1	1	0	0	1	0	0	0	1	0	1	0	0	1	0	1	0	0	1	1	1	0	0	1	1	0	1	0	1	1	0	0	1	0	0	0	0	1	1	0	1	1	0	1	0	1	1	1	0	1	1	0	1	0	1	
464934	867928	0	0	1	0	0	0	0	1	0	1	0	0	1	1	1	1	1	0	1	1	1	0	1	1	0	0	1	0	1	1	1	0	0	0	1	1	0	1	0	0	0	1	1	0	1	1	1	0	1	0	1	1	0	0	0	0	0	0	1	0	0	0	0	1	0	1	0	0	1	1	1	0	0	1	1	1	1	0	1	1	0	0	1	0	0	0	1	1	1	0	1	1	0	1	0	0	1	1	1	1	1	0	1	0	1	
464785	872399	0	0	1	0	0	0	0	1	0	1	0	0	1	1	1	1	1	0	1	1	1	0	1	1	0	0	1	0	1	1	1	0	0	0	1	1	0	1	0	0	0	1	1	0	1	1	1	0	1	0	1	1	0	0	0	0	0	0	1	0	0	0	0	1	0	1	0	0	1	1	1	0	0	1	1	1	1	0	1	1	0	0	1	0	0	0	1	1	1	0	1	1	0	1	0	0	1	1	0	1	1	1	1	0	1	
464450	875664	0	0	1	0	0	0	1	1	0	1	0	0	1	1	1	0	1	0	1	1	1	0	1	1	0	0	1	0	1	1	1	0	0	0	1	1	0	1	0	0	0	1	1	0	1	1	1	0	1	0	1	1	0	0	0	0	0	0	1	0	1	0	0	1	0	1	0	0	1	1	1	0	0	1	1	0	1	0	1	1	0	0	1	0	0	0	0	1	1	0	1	1	0	1	0	1	1	1	1	1	1	0	1	0	1	
464301	880135	0	0	1	0	0	0	1	1	0	1	0	0	1	1	1	0	1	0	1	1	1	0	1	1	0	0	1	0	1	1	1	0	0	0	1	1	0	1	0	0	0	1	1	0	1	1	1	0	1	0	1	1	0	0	0	0	0	0	1	0	1	0	0	1	0	1	0	0	1	1	1	0	0	1	1	0	1	0	1	1	0	0	1	0	0	0	0	1	1	0	1	1	0	1	0	1	1	1	0	1	1	1	1	0	1	
463476	884470	0	0	1	0	0	0	0	1	0	1	0	0	0	1	1	1	1	0	1	1	1	0	1	1	0	0	1	0	1	1	1	0	0	0	1	1	0	1	0	1	0	1	1	0	1	1	1	0	1	0	1	1	0	0	0	0	0	0	1	0	1	0	0	1	0	1	0	0	1	1	1	0	0	1	1	0	1	0	1	1	0	0	1	0	0	0	0	1	1	0	1	1	0	1	0	1	1	1	0	1	1	0	1	0	1	
462945	887979	0	0	1	0	0	0	1	1	0	1	0	0	1	1	1	1	1	0	1	1	1	0	1	1	0	0	1	0	1	1	1	0	0	0	1	1	0	1	0	0	0	1	1	0	1	1	1	0	1	0	1	1	0	0	1	0	0	0	1	0	1	0	0	1	0	1	0	0	1	1	1	0	0	1	1	0	1	0	1	1	0	0	1	0	0	0	0	1	1	0	1	1	0	1	0	0	1	1	1	1	1	1	1	0	1	
462590	891247	0	0	1	0	0	0	0	1	0	1	0	0	1	1	1	0	1	0	1	1	1	0	1	1	0	0	1	0	1	1	1	0	0	0	1	1	0	1	0	0	1	1	1	0	1	1	1	0	1	0	1	1	0	0	1	0	0	0	1	0	1	0	0	1	0	1	0	0	1	1	1	0	0	1	1	0	1	0	1	1	0	0	1	0	0	0	0	1	1	0	1	1	0	1	0	1	1	1	1	1	1	1	1	0	1	
462335	892252	0	0	1	0	0	0	0	1	0	1	0	0	0	1	1	1	1	0	1	1	1	0	1	1	0	0	1	0	1	1	1	0	0	0	1	1	0	1	0	1	0	1	1	0	1	1	1	0	1	0	1	1	0	0	0	0	0	0	1	0	1	0	0	1	0	1	0	0	1	1	1	0	0	1	1	0	1	0	1	1	0	0	0	0	0	0	0	1	1	0	1	1	0	1	0	1	1	1	1	1	1	1	1	0	1	
462041	895661	0	0	1	0	0	0	0	1	0	1	0	0	1	1	1	1	1	0	1	1	1	0	1	1	0	0	1	0	1	1	1	0	0	0	1	1	0	1	0	0	0	1	1	0	1	1	1	0	1	0	1	1	0	0	1	0	0	0	1	0	1	0	0	1	0	1	0	0	1	1	1	0	0	1	1	0	1	0	1	1	0	0	1	0	0	0	0	1	1	0	1	1	0	1	0	1	1	1	0	1	1	1	1	0	1	
461555	895776	0	0	1	0	0	0	1	1	0	1	0	0	1	1	1	1	1	0	1	1	1	0	1	1	0	0	1	0	1	1	1	0	0	0	1	1	0	1	0	0	0	1	1	0	1	1	1	0	1	0	1	1	0	0	0	0	0	0	1	0	1	0	0	1	0	1	0	0	1	1	1	0	0	1	1	1	1	0	1	1	0	0	1	0	0	0	0	1	1	0	1	1	0	1	0	0	1	1	1	1	1	1	1	0	1	
461200	899044	0	0	1	0	0	0	0	1	0	1	0	0	1	1	1	0	1	0	1	1	1	0	1	1	0	0	1	0	1	1	1	0	0	0	1	1	0	1	0	0	1	1	1	0	1	1	1	0	1	0	1	1	0	0	0	0	0	0	1	0	1	0	0	1	0	1	0	0	1	1	1	0	0	1	1	1	1	0	1	1	0	0	1	0	0	0	0	1	1	0	1	1	0	1	0	1	1	1	1	1	1	1	1	0	1	
460656	899822	0	0	1	0	0	0	0	1	0	1	0	0	1	1	1	1	1	0	1	1	1	0	1	1	0	1	1	0	1	1	1	0	0	0	1	1	0	1	0	0	1	1	1	0	1	1	1	0	1	0	1	1	0	0	0	0	0	0	1	0	1	0	0	1	0	1	0	0	1	1	1	0	0	1	1	1	1	0	1	1	0	0	1	0	0	0	0	1	1	0	1	1	0	1	0	0	1	1	0	1	1	1	1	0	1	
460651	903458	0	0	1	0	0	0	0	1	0	1	0	0	1	1	1	1	1	0	1	1	1	0	1	1	0	0	1	0	1	1	1	0	0	0	1	1	0	1	0	0	0	1	1	0	1	1	1	0	1	0	1	1	0	0	0	0	0	0	1	0	1	0	0	1	0	1	0	0	1	1	1	0	0	1	1	1	1	0	1	1	0	0	1	0	0	0	0	1	1	0	1	1	0	1	0	1	1	1	0	1	1	1	1	0	1	
459810	905500	0	0	1	0	0	0	0	1	0	1	0	0	1	1	1	0	1	0	1	1	1	0	1	1	0	0	1	0	1	1	1	0	0	0	1	1	0	1	0	0	1	1	1	0	1	1	1	0	1	0	1	1	0	0	0	0	0	0	1	0	1	0	0	1	0	1	0	0	1	1	1	0	0	1	1	1	1	0	1	1	0	0	0	0	0	0	0	1	1	0	1	1	0	1	0	1	1	1	1	1	1	1	1	1	1	
459595	905562	0	0	1	0	0	0	0	1	0	1	0	0	1	1	1	1	1	0	1	1	1	0	1	1	0	0	1	0	1	1	1	0	0	0	1	1	0	1	0	0	1	1	1	0	1	1	1	0	1	0	1	1	0	0	1	0	0	0	1	0	1	0	0	1	0	1	0	0	1	1	1	0	0	1	1	1	1	0	1	1	0	0	1	0	0	0	0	1	1	0	1	1	0	1	0	0	1	1	1	1	1	0	1	1	1	
459446	910033	0	0	1	0	0	0	0	1	0	1	0	0	1	1	1	1	1	0	1	1	1	0	1	1	0	0	1	0	1	1	1	0	0	0	1	1	0	1	0	0	1	1	1	0	1	1	1	0	1	0	1	1	0	0	1	0	0	0	1	0	1	0	0	1	0	1	0	0	1	1	1	0	0	1	1	1	1	0	1	1	0	0	1	0	0	0	0	1	1	0	1	1	0	1	0	0	1	1	0	1	1	1	1	1	1	
458611	912492	0	0	1	0	0	0	0	1	0	1	0	0	1	1	1	1	1	0	1	1	1	0	1	1	0	0	1	0	1	1	1	0	0	0	1	1	0	1	0	0	0	1	1	0	1	1	1	0	1	0	1	0	0	0	1	0	0	0	1	0	1	0	0	1	0	1	0	0	1	1	1	0	0	1	1	1	1	0	1	1	0	0	1	0	0	0	0	1	1	0	1	1	0	1	0	1	1	1	0	1	1	1	1	1	1	
458397	912840	0	0	1	0	1	0	0	1	0	1	0	0	1	1	1	1	1	0	1	1	1	0	1	1	0	0	1	0	1	1	1	0	0	0	1	1	0	1	0	1	0	1	1	0	1	1	1	0	1	0	1	1	0	0	1	0	0	0	0	0	1	0	0	1	0	1	0	0	1	1	1	0	1	1	1	0	1	0	1	1	0	0	1	0	0	0	0	1	1	0	1	1	0	1	0	1	1	1	0	1	1	1	1	0	1	
458386	917078	0	0	1	0	1	0	0	1	0	1	0	0	1	1	1	1	1	0	1	1	1	0	1	1	0	0	1	0	1	1	1	0	0	0	1	1	0	1	0	1	0	1	1	0	1	1	1	0	1	0	1	1	0	0	1	0	0	0	0	0	1	0	0	1	0	1	0	0	1	1	1	0	0	1	1	0	1	0	1	1	0	0	1	0	0	0	0	1	1	0	1	1	0	1	0	1	1	1	1	1	1	1	1	0	1	
457007	920637	0	0	1	0	1	0	0	1	0	1	0	0	1	1	1	1	1	0	1	1	1	0	1	1	0	0	1	0	1	1	1	0	0	0	1	1	0	1	0	1	0	1	1	0	1	1	1	0	1	0	1	1	0	0	0	0	0	0	0	0	1	0	0	1	0	1	0	0	1	1	1	0	1	1	1	1	1	0	1	1	0	0	1	0	0	0	0	1	1	0	1	1	0	1	0	1	1	1	0	1	1	1	1	0	1	
456996	924875	0	0	1	0	1	0	0	1	0	1	0	0	1	1	1	1	1	0	1	1	1	0	1	1	0	0	1	0	1	1	1	0	0	0	1	1	0	1	0	1	0	1	1	0	1	1	1	0	1	0	1	1	0	0	0	0	0	0	0	0	1	0	0	1	0	1	0	0	1	1	1	0	0	1	1	1	1	0	1	1	0	0	1	0	0	0	0	1	1	0	1	1	0	1	0	1	1	1	1	1	1	1	1	0	1	
455617	927093	0	0	1	0	1	0	0	1	0	1	0	0	1	1	1	1	1	0	1	1	1	0	1	1	0	0	1	0	1	1	1	0	0	0	1	1	0	1	0	1	0	1	1	0	1	1	1	0	1	0	1	1	0	0	0	0	0	0	0	0	1	0	0	1	0	1	0	0	1	1	1	0	1	1	1	1	1	0	1	1	0	0	0	0	0	0	0	1	1	0	1	1	0	1	0	1	1	1	0	1	1	1	1	1	1	
455606	931331	0	0	1	0	1	0	0	1	0	1	0	0	1	1	1	1	1	0	1	1	1	0	1	1	0	0	1	0	1	1	1	0	0	0	1	1	0	1	0	1	0	1	1	0	1	1	1	0	1	0	1	1	0	0	0	0	0	0	0	0	1	0	0	1	0	1	0	0	1	1	1	0	0	1	1	1	1	0	1	1	0	0	0	0	0	0	0	1	1	0	1	1	0	1	0	1	1	1	1	1	1	1	1	1	1	
455281	931886	0	0	1	0	1	0	0	1	0	1	0	0	1	1	1	1	1	0	1	1	1	0	1	1	0	0	1	0	1	1	1	0	0	0	1	1	0	1	0	0	0	1	1	0	1	1	1	0	1	0	1	1	0	0	1	0	0	0	0	0	1	0	0	1	0	1	0	0	1	1	1	0	0	1	1	1	1	0	1	1	0	0	1	0	0	0	0	1	1	0	1	1	0	1	0	1	1	1	1	1	1	1	1	1	1	
453802	932559	0	1	1	0	1	0	0	1	0	1	0	0	1	1	1	1	1	0	1	1	1	0	1	1	0	0	1	0	1	1	1	0	0	0	1	1	0	1	0	0	1	1	1	0	1	1	1	0	1	0	1	1	0	0	0	0	0	0	0	0	1	0	0	1	0	1	0	0	1	1	1	0	0	1	1	1	1	0	1	1	0	0	1	0	0	0	0	1	1	0	1	1	0	1	0	1	1	1	0	1	1	1	1	1	1	
453771	934331	0	1	1	0	1	0	0	1	0	1	0	0	1	1	1	1	1	0	1	1	1	0	1	1	0	0	1	0	1	1	1	0	0	0	1	1	0	1	0	0	0	1	1	0	1	1	1	0	1	0	1	1	0	0	0	0	0	0	0	0	1	0	0	1	0	1	0	0	1	1	1	0	0	1	1	1	1	0	1	1	0	0	1	0	0	0	0	1	1	0	1	1	0	1	0	1	1	1	1	1	1	1	1	1	1	
453401	935875	0	0	1	0	1	0	0	1	0	1	0	0	1	1	1	1	1	0	1	1	1	0	1	1	0	0	1	0	1	1	1	0	0	0	1	1	0	1	0	0	0	1	1	1	1	1	1	0	1	0	1	1	1	0	0	0	0	0	0	0	1	0	0	1	0	1	0	0	1	1	1	0	0	1	1	0	1	0	1	1	0	0	1	0	0	0	0	1	1	0	1	1	0	1	0	1	1	1	1	1	1	1	1	0	1	
453289	936502	0	0	1	0	0	0	1	1	0	1	1	0	1	1	1	1	1	0	1	1	1	0	1	1	0	1	1	0	1	1	1	0	0	0	1	1	0	1	0	1	0	1	1	0	1	1	1	0	1	0	1	1	0	0	1	0	0	0	0	0	1	0	0	1	0	1	0	0	1	1	1	0	0	1	1	0	1	0	1	1	0	0	1	0	0	0	0	1	1	0	1	1	0	1	0	1	1	1	0	1	1	1	1	0	1	
453118	937557	0	0	1	0	0	0	1	1	0	1	0	0	1	1	1	1	1	0	1	1	1	0	1	1	0	1	1	0	1	1	1	0	0	0	1	1	0	1	0	1	1	1	1	0	1	1	1	0	1	0	1	1	0	0	1	0	0	0	0	0	1	0	0	1	0	1	0	0	1	1	1	0	0	1	1	0	1	0	1	1	0	0	1	0	0	0	0	1	1	0	1	1	0	1	0	1	1	1	1	1	1	1	1	0	1	
453042	939204	0	0	1	0	1	0	0	1	0	1	0	0	1	1	1	1	1	0	1	1	1	0	1	1	0	0	1	0	1	1	1	0	0	0	1	1	0	1	0	0	0	1	1	0	1	1	1	0	1	0	1	1	1	0	0	0	0	0	0	0	1	0	0	1	0	1	0	0	1	1	1	0	0	1	1	1	1	0	1	1	0	0	1	0	0	0	0	1	1	0	1	1	0	1	0	1	1	1	0	1	1	1	1	0	1	
452229	940800	0	0	1	0	0	0	1	1	0	1	0	0	1	1	1	1	1	0	1	1	1	0	1	1	0	0	1	0	1	1	1	0	0	0	1	1	0	1	0	1	0	1	1	0	1	1	1	0	1	0	1	1	0	0	0	0	0	0	0	0	1	0	1	1	0	1	0	0	1	1	1	0	0	1	1	1	1	0	1	1	0	0	1	0	0	0	0	1	1	0	1	1	0	1	0	1	1	1	0	1	1	1	1	1	1	
451899	944299	0	0	1	0	0	0	1	1	0	1	1	0	1	1	1	1	1	0	1	1	1	0	1	1	0	1	1	0	1	1	1	0	0	0	1	1	0	1	0	1	0	1	1	0	1	1	1	0	1	0	1	1	0	0	0	0	0	0	0	0	1	0	0	1	0	1	0	0	1	1	1	0	0	1	1	1	1	0	1	1	0	0	1	0	0	0	0	1	1	0	1	1	0	1	0	1	1	1	0	1	1	1	1	0	1	
451728	945354	0	0	1	0	0	0	1	1	0	1	0	0	1	1	1	1	1	0	1	1	1	0	1	1	0	1	1	0	1	1	1	0	0	0	1	1	0	1	0	1	1	1	1	0	1	1	1	0	1	0	1	1	0	0	0	0	0	0	0	0	1	0	0	1	0	1	0	0	1	1	1	0	0	1	1	1	1	0	1	1	0	0	1	0	0	0	0	1	1	0	1	1	0	1	0	1	1	1	1	1	1	1	1	0	1	
451657	946255	0	0	0	0	1	0	0	1	0	1	0	0	1	1	1	1	1	0	1	1	1	0	1	1	0	0	1	0	1	1	1	0	1	0	1	1	0	1	0	1	1	1	1	0	1	1	1	0	1	0	1	1	0	0	1	0	0	0	0	0	1	0	0	1	0	1	0	0	1	1	1	0	0	1	1	1	1	0	1	1	0	0	1	0	0	0	0	1	1	0	1	1	0	1	0	1	1	1	1	1	1	1	1	1	1	
451098	947127	0	0	1	0	0	0	1	1	0	1	1	0	1	1	1	1	1	0	1	1	1	0	1	1	0	0	1	0	1	1	1	0	0	0	1	1	0	1	0	1	0	1	1	0	1	1	1	0	1	0	1	1	0	0	1	0	0	0	0	0	1	0	0	1	0	1	0	0	1	1	1	0	1	1	1	1	1	0	1	1	0	0	1	0	0	0	0	1	1	0	1	1	0	1	0	1	1	1	1	1	1	1	1	0	1	
450838	950039	0	0	1	0	0	0	1	1	0	1	1	0	1	1	1	1	1	0	1	1	1	0	1	1	0	0	1	0	1	1	1	0	0	0	1	1	0	1	0	1	0	1	1	0	1	1	1	0	1	0	1	1	0	0	1	0	0	0	0	0	1	0	0	1	0	1	0	0	1	1	1	0	0	1	1	1	1	0	1	1	0	0	1	0	0	0	0	1	1	0	1	1	0	1	0	1	1	1	1	1	1	0	1	1	1	
450689	954510	0	0	1	0	0	0	1	1	0	1	1	0	1	1	1	1	1	0	1	1	1	0	1	1	0	0	1	0	1	1	1	0	0	0	1	1	0	1	0	1	0	1	1	0	1	1	1	0	1	0	1	1	0	0	1	0	0	0	0	0	1	0	0	1	0	1	0	0	1	1	1	0	0	1	1	1	1	0	1	1	0	0	1	0	0	0	0	1	1	0	1	1	0	1	0	1	1	1	0	1	1	1	1	1	1	
450518	955565	0	0	1	0	0	0	1	1	0	1	0	0	1	1	1	1	1	0	1	1	1	0	1	1	0	0	1	0	1	1	1	0	0	0	1	1	0	1	0	1	1	1	1	0	1	1	1	0	1	0	1	1	0	0	1	0	0	0	0	0	1	0	0	1	0	1	0	0	1	1	1	0	0	1	1	1	1	0	1	1	0	0	1	0	0	0	0	1	1	0	1	1	0	1	0	1	1	1	1	1	1	1	1	1	1	
449614	956291	0	0	1	0	0	0	0	1	0	1	0	1	1	1	1	1	1	0	1	1	1	0	1	1	0	0	1	0	1	1	1	0	0	0	1	1	0	1	0	1	1	1	1	0	1	1	1	0	1	0	1	1	0	0	1	0	0	0	0	0	1	0	0	1	0	1	0	0	1	1	1	0	0	1	1	1	1	0	1	1	0	0	1	0	0	0	0	1	1	0	1	1	0	1	0	1	1	1	0	1	1	1	1	1	1	
449583	958063	0	0	1	0	0	0	0	1	0	1	0	1	1	1	1	1	1	0	1	1	1	0	1	1	0	0	1	0	1	1	1	0	0	0	1	1	0	1	0	1	0	1	1	0	1	1	1	0	1	0	1	1	0	0	1	0	0	0	0	0	1	0	0	1	0	1	0	0	1	1	1	0	0	1	1	1	1	0	1	1	0	0	1	0	0	0	0	1	1	0	1	1	0	1	0	1	1	1	1	1	1	1	1	1	1	
448848	958603	0	0	1	0	0	0	1	1	0	1	1	0	1	1	1	1	1	0	1	1	1	0	1	1	0	0	1	0	1	1	1	0	0	0	1	1	0	1	0	1	0	1	1	0	1	1	1	0	1	0	1	1	1	0	0	0	0	0	0	0	1	0	0	1	0	1	0	0	1	1	1	0	0	1	1	0	1	0	1	1	0	0	1	0	0	0	0	1	1	0	1	1	0	1	0	1	1	1	1	1	1	1	1	0	1	
448809	958890	0	0	1	0	0	0	0	1	0	1	1	0	1	1	1	1	1	0	1	1	1	0	1	1	0	1	1	0	1	1	1	0	0	0	1	1	0	1	0	1	1	1	1	0	1	1	1	0	1	0	1	1	0	0	0	0	0	0	0	0	1	0	0	1	0	1	0	0	1	1	1	0	1	1	1	1	1	0	1	1	0	0	1	0	0	0	0	1	1	0	1	1	0	1	0	1	1	1	0	1	1	1	1	1	1	
448798	963128	0	0	1	0	0	0	0	1	0	1	1	0	1	1	1	1	1	0	1	1	1	0	1	1	0	1	1	0	1	1	1	0	0	0	1	1	0	1	0	1	1	1	1	0	1	1	1	0	1	0	1	1	0	0	0	0	0	0	0	0	1	0	0	1	0	1	0	0	1	1	1	0	0	1	1	1	1	0	1	1	0	0	1	0	0	0	0	1	1	0	1	1	0	1	0	1	1	1	1	1	1	1	1	1	1	
448208	964298	0	0	1	0	0	1	0	1	0	1	0	0	1	1	1	0	1	0	1	1	1	0	1	1	0	0	1	0	1	1	1	0	0	0	1	1	0	1	0	1	0	1	1	0	1	1	1	0	1	0	1	1	1	0	1	0	0	0	0	0	1	0	0	1	0	1	0	0	1	1	1	0	0	1	1	1	1	0	1	1	0	0	1	0	0	0	0	1	1	0	1	1	0	1	0	1	1	1	1	1	1	1	1	0	1	
447468	968067	0	1	1	0	0	0	0	1	0	1	1	0	1	1	1	1	1	0	1	1	1	0	1	1	0	0	1	0	1	1	1	0	0	0	1	1	0	1	0	1	1	1	1	0	1	1	1	0	1	0	1	1	0	0	1	0	0	0	0	0	1	0	0	1	0	1	0	0	1	1	1	0	0	1	1	1	1	0	1	1	0	0	1	0	0	0	0	1	1	0	1	1	0	1	0	1	1	1	1	1	1	1	1	1	1	
446889	969339	0	0	1	0	0	0	1	1	0	1	0	0	1	1	1	1	1	0	1	1	1	0	1	1	0	0	1	0	1	1	1	0	0	0	1	1	0	1	0	1	1	1	1	0	1	1	1	0	1	0	1	1	1	0	0	0	0	0	0	0	1	0	0	1	0	1	0	0	1	1	1	0	0	1	1	1	1	0	1	1	0	0	0	0	0	0	0	1	1	0	1	1	0	1	0	1	1	1	0	1	1	1	1	1	1	
446739	972940	0	0	1	0	0	0	0	1	0	1	1	0	1	1	1	1	1	0	1	1	1	0	1	1	0	0	1	0	1	1	1	0	0	0	1	1	0	1	0	1	1	1	1	0	1	1	1	0	1	0	1	1	1	0	1	0	0	0	0	0	1	0	0	1	0	1	0	0	1	1	1	0	0	1	1	1	1	0	1	1	0	0	1	0	0	0	0	1	1	0	1	1	0	1	0	1	1	1	0	1	1	1	1	0	1	
445758	973274	0	0	1	0	0	0	0	1	0	1	1	0	1	1	1	1	1	0	1	1	1	0	1	1	0	0	1	0	1	1	1	0	0	0	1	1	0	1	0	1	1	1	1	0	1	1	1	0	1	0	1	1	1	0	0	0	0	0	0	0	1	0	0	1	0	1	0	0	1	1	1	0	1	1	1	1	1	0	1	1	0	0	1	0	0	0	0	1	1	0	1	1	0	1	0	1	1	1	1	1	1	1	1	0	1	
445743	973411	0	0	1	0	0	0	1	1	0	1	1	0	1	1	1	1	1	0	1	1	1	0	1	1	0	0	1	0	1	1	1	0	0	0	1	1	0	1	0	0	0	1	1	0	1	1	1	0	1	0	1	1	1	0	0	0	0	0	0	0	1	0	0	1	0	1	0	0	1	1	1	0	0	1	1	1	1	0	1	1	0	0	1	0	0	0	0	1	1	0	1	1	0	1	0	1	1	1	1	1	1	1	1	1	1	
445629	974699	0	0	1	0	0	0	0	1	0	1	0	0	1	1	1	1	1	0	1	1	1	0	1	1	0	0	1	0	1	1	1	0	0	0	1	1	0	1	0	1	0	1	1	0	1	1	1	0	1	0	1	1	1	0	1	0	0	0	0	0	1	0	0	1	0	1	0	0	1	1	1	0	0	1	1	1	1	0	1	1	0	0	1	0	0	0	0	1	1	0	1	1	0	1	0	1	1	1	0	1	1	1	1	1	1	
445498	976186	0	0	1	0	0	0	0	1	0	1	1	0	1	1	1	1	1	0	1	1	1	0	1	1	0	0	1	0	1	1	1	0	0	0	1	1	0	1	0	1	1	1	1	0	1	1	1	0	1	0	1	1	1	0	0	0	0	0	0	0	1	0	0	1	0	1	0	0	1	1	1	0	0	1	1	1	1	0	1	1	0	0	1	0	0	0	0	1	1	0	1	1	0	1	0	1	1	1	1	1	1	0	1	1	1	
445349	980657	0	0	1	0	0	0	0	1	0	1	1	0	1	1	1	1	1	0	1	1	1	0	1	1	0	0	1	0	1	1	1	0	0	0	1	1	0	1	0	1	1	1	1	0	1	1	1	0	1	0	1	1	1	0	0	0	0	0	0	0	1	0	0	1	0	1	0	0	1	1	1	0	0	1	1	1	1	0	1	1	0	0	1	0	0	0	0	1	1	0	1	1	0	1	0	1	1	1	0	1	1	1	1	1	1	
444203	981633	0	0	1	0	0	0	0	1	0	1	1	0	1	1	1	1	1	0	1	1	1	0	1	1	0	0	1	0	1	1	1	0	0	0	1	1	0	1	0	0	0	1	1	0	1	1	1	0	1	0	1	1	1	0	1	0	0	0	0	0	1	0	0	1	0	1	1	0	1	1	1	0	0	1	1	1	1	0	1	1	0	0	1	0	0	0	0	1	1	0	1	1	0	1	0	1	1	1	1	1	1	1	1	1	1	
443993	984419	0	0	1	0	0	0	0	1	0	1	1	0	1	1	1	1	1	0	1	1	1	0	1	1	0	0	1	0	1	1	1	0	0	0	1	1	0	1	0	0	1	1	1	1	1	1	1	0	1	0	1	1	1	0	1	0	0	0	0	0	1	0	0	1	0	1	0	0	1	1	1	0	0	1	1	1	1	0	1	1	0	0	1	0	0	0	0	1	1	0	1	1	0	1	0	1	1	1	1	1	1	1	1	1	1	
442483	986864	0	1	1	0	0	0	0	1	0	1	1	0	1	1	1	1	1	0	1	1	1	0	1	1	0	0	1	0	1	1	1	0	0	0	1	1	0	1	0	0	1	1	1	1	1	1	1	0	1	0	1	1	1	0	0	0	0	0	0	0	1	0	0	1	0	1	0	0	1	1	1	0	0	1	1	1	1	0	1	1	0	0	1	0	0	0	0	1	1	0	1	1	0	1	0	1	1	1	1	1	1	1	1	1	1	
442119	989180	0	0	0	0	1	0	1	1	0	1	1	0	1	1	1	1	1	0	1	1	1	0	1	1	0	0	1	0	1	1	1	0	0	0	1	1	0	1	0	1	1	1	1	0	1	1	1	0	1	0	1	1	1	0	0	0	0	0	0	0	1	0	0	1	0	1	0	0	1	1	1	0	0	1	1	1	1	0	1	1	0	0	1	0	0	0	0	1	1	0	1	1	0	1	0	1	1	1	1	1	1	1	1	1	1	
441359	989523	0	1	0	0	1	1	0	1	0	1	0	0	1	1	1	0	1	0	1	1	1	0	1	1	0	0	1	0	1	1	1	0	0	0	1	1	0	1	0	1	1	1	1	0	1	1	1	0	1	0	1	1	1	0	1	0	0	0	0	0	1	0	0	1	0	1	0	0	1	1	1	0	0	1	1	1	1	0	1	1	0	0	1	0	0	0	0	1	1	0	1	1	0	1	0	1	1	1	1	1	1	1	1	1	1	
441215	989906	0	0	0	0	1	0	0	1	0	1	1	1	1	1	1	1	1	0	1	1	1	0	1	1	0	0	1	0	1	1	1	0	0	0	1	1	0	1	0	1	1	1	1	0	1	1	1	0	1	0	1	1	1	0	0	0	0	0	0	0	1	0	0	1	0	1	0	0	1	1	1	0	0	1	1	1	1	0	1	1	0	0	1	0	0	0	0	1	1	0	1	1	0	1	0	1	1	1	0	1	1	1	1	1	1	
441184	991678	0	0	0	0	1	0	0	1	0	1	1	1	1	1	1	1	1	0	1	1	1	0	1	1	0	0	1	0	1	1	1	0	0	0	1	1	0	1	0	1	0	1	1	0	1	1	1	0	1	0	1	1	1	0	0	0	0	0	0	0	1	0	0	1	0	1	0	0	1	1	1	0	0	1	1	1	1	0	1	1	0	0	1	0	0	0	0	1	1	0	1	1	0	1	0	1	1	1	1	1	1	1	1	1	1	
440974	992629	0	0	0	0	1	0	0	1	0	1	0	1	1	1	1	1	1	0	1	1	1	0	1	1	0	0	1	0	1	1	1	0	0	0	1	1	0	1	0	1	1	1	1	1	1	1	1	0	1	0	1	1	1	0	0	0	0	0	0	0	1	0	0	1	0	1	0	0	1	1	1	0	0	1	1	1	1	0	1	1	0	0	1	0	0	0	0	1	1	0	1	1	0	1	0	1	1	1	1	1	1	1	1	1	1	
440074	994202	0	0	0	0	1	0	0	1	0	1	1	0	1	1	1	1	1	0	1	1	1	0	1	1	0	1	1	0	1	1	1	0	0	0	1	1	0	1	0	0	1	1	1	0	1	1	1	0	1	0	1	1	1	0	1	0	0	0	0	0	1	0	0	1	0	1	1	0	1	1	1	0	0	1	1	1	1	0	1	1	0	0	1	0	0	0	0	1	1	0	1	1	0	1	0	1	1	1	1	1	1	1	1	1	1	
439859	995975	0	0	0	0	1	0	0	1	0	1	1	0	1	1	1	1	1	0	1	1	1	0	1	1	0	0	1	0	1	1	1	0	0	0	1	1	0	1	0	1	1	1	1	1	1	1	1	0	1	0	1	1	1	0	1	0	0	0	0	0	1	0	0	1	0	1	0	0	1	1	1	0	0	1	1	1	1	0	1	1	0	0	1	0	0	0	0	1	1	0	1	1	0	1	0	1	1	1	1	1	1	1	1	1	1	
439766	996220	0	0	1	0	0	1	0	1	0	1	0	1	1	1	1	1	1	0	1	1	1	0	1	1	0	0	1	0	1	1	1	0	0	0	1	1	0	1	0	1	1	1	1	0	1	1	1	0	1	0	1	1	1	0	0	0	0	0	0	0	1	0	0	1	0	1	0	0	1	1	1	0	0	1	1	1	1	0	0	1	0	0	1	0	0	0	0	1	1	0	1	1	0	1	0	1	1	1	0	1	1	1	1	1	1	
439461	997090	0	0	1	0	0	1	0	1	0	1	1	0	1	1	1	1	1	0	1	1	1	0	1	1	0	1	1	0	1	1	1	0	0	0	1	1	0	1	0	1	0	1	1	0	1	1	1	0	1	0	1	1	1	0	1	0	0	0	0	0	0	0	0	1	0	1	0	0	1	1	1	0	0	1	1	1	1	0	1	1	0	0	1	0	0	0	0	1	1	0	1	1	0	1	0	1	1	1	0	1	1	1	1	1	1	
439290	998145	0	0	1	0	0	1	0	1	0	1	0	0	1	1	1	1	1	0	1	1	1	0	1	1	0	1	1	0	1	1	1	0	0	0	1	1	0	1	0	1	1	1	1	0	1	1	1	0	1	0	1	1	1	0	1	0	0	0	0	0	0	0	0	1	0	1	0	0	1	1	1	0	0	1	1	1	1	0	1	1	0	0	1	0	0	0	0	1	1	0	1	1	0	1	0	1	1	1	1	1	1	1	1	1	1	
438651	999566	0	0	1	0	0	1	0	1	0	1	1	0	1	1	1	1	1	0	1	1	1	0	1	1	0	0	1	0	1	1	1	0	0	0	1	1	0	1	0	1	1	1	1	0	1	1	1	0	1	0	1	1	1	0	1	0	0	0	0	0	1	0	0	1	0	1	0	0	1	1	1	0	0	1	1	1	1	0	0	1	0	0	1	0	0	0	0	1	1	0	1	1	0	1	0	1	1	1	0	1	1	1	1	1	1	
438620	1.00134e+06	0	0	1	0	0	1	0	1	0	1	1	0	1	1	1	1	1	0	1	1	1	0	1	1	0	0	1	0	1	1	1	0	0	0	1	1	0	1	0	1	0	1	1	0	1	1	1	0	1	0	1	1	1	0	1	0	0	0	0	0	1	0	0	1	0	1	0	0	1	1	1	0	0	1	1	1	1	0	0	1	0	0	1	0	0	0	0	1	1	0	1	1	0	1	0	1	1	1	1	1	1	1	1	1	1	
438410	1.00229e+06	0	0	1	0	0	1	0	1	0	1	0	0	1	1	1	1	1	0	1	1	1	0	1	1	0	0	1	0	1	1	1	0	0	0	1	1	0	1	0	1	1	1	1	1	1	1	1	0	1	0	1	1	1	0	1	0	0	0	0	0	1	0	0	1	0	1	0	0	1	1	1	0	0	1	1	1	1	0	0	1	0	0	1	0	0	0	0	1	1	0	1	1	0	1	0	1	1	1	1	1	1	1	1	1	1	
437306	1.00444e+06	0	0	0	0	0	0	1	1	0	1	1	1	1	1	1	1	1	0	1	1	1	0	1	1	0	1	1	0	1	1	1	0	0	0	1	1	0	1	0	1	1	1	1	0	1	1	1	0	1	0	1	1	1	0	1	0	0	0	0	0	1	0	0	1	0	1	0	0	1	1	1	0	0	1	1	1	1	0	1	1	0	0	1	0	0	0	0	1	1	0	1	1	0	1	0	1	1	1	1	1	1	1	1	0	1	
436900	1.00473e+06	0	1	1	0	0	1	0	1	0	1	0	0	1	1	1	1	1	0	1	1	1	0	1	1	0	0	1	0	1	1	1	0	0	0	1	1	0	1	0	1	1	1	1	1	1	1	1	0	1	0	1	1	1	0	0	0	0	0	0	0	1	0	0	1	0	1	0	0	1	1	1	0	0	1	1	1	1	0	0	1	0	0	1	0	0	0	0	1	1	0	1	1	0	1	0	1	1	1	1	1	1	1	1	1	1	
436867	1.00616e+06	0	0	0	0	0	1	1	1	0	1	0	1	1	1	1	1	1	0	1	1	1	0	1	1	0	1	1	0	1	1	1	0	0	0	1	1	0	1	0	1	0	1	1	0	1	1	1	0	1	0	1	1	1	0	0	0	0	0	0	0	1	0	0	1	0	1	0	0	1	1	1	0	0	1	1	1	1	0	1	1	0	0	1	0	0	0	0	1	1	0	1	1	0	1	0	1	1	1	0	1	1	1	1	1	1	
436441	1.00672e+06	0	1	0	0	0	1	1	1	0	1	0	0	1	1	1	1	1	0	1	1	1	0	1	1	0	0	1	0	1	1	1	0	0	0	1	1	0	1	0	1	0	1	1	0	1	1	1	0	1	0	1	1	1	0	1	0	0	0	0	0	1	0	1	1	0	1	0	0	1	1	1	0	0	1	1	1	1	0	1	1	0	0	1	0	0	0	0	1	1	0	1	1	0	1	0	1	1	1	1	1	1	1	1	1	1	
436087	1.00927e+06	0	0	0	0	0	0	1	1	0	1	1	1	1	1	1	1	1	0	1	1	1	0	1	1	0	1	1	0	1	1	1	0	0	0	1	1	0	1	0	1	0	1	1	0	1	1	1	0	1	0	1	1	1	0	0	0	0	0	0	0	1	0	0	1	0	1	1	0	1	1	1	0	0	1	1	1	1	0	1	1	0	0	1	0	0	0	0	1	1	0	1	1	0	1	0	1	1	1	0	1	1	1	1	1	1	
436071	1.01230e+06	0	0	0	0	0	1	1	1	0	1	0	0	1	1	1	1	1	0	1	1	1	0	1	1	0	1	1	0	1	1	1	0	0	0	1	1	0	1	0	1	1	1	1	0	1	1	1	0	1	0	1	1	1	0	1	0	0	0	0	0	1	0	0	1	0	1	0	0	1	1	1	0	1	1	1	1	1	0	1	1	0	0	1	0	0	0	0	1	1	0	1	1	0	1	0	1	1	1	1	1	1	1	1	1	1	
435542	1.01442e+06	0	1	0	0	0	1	1	1	0	1	0	0	1	1	1	1	1	0	1	1	1	0	1	1	0	1	1	0	1	1	1	0	0	0	1	1	0	1	0	1	1	1	1	0	1	1	1	0	1	0	1	1	1	0	1	0	0	0	0	0	1	0	0	1	0	1	0	0	1	1	1	0	0	1	1	1	1	0	1	1	0	0	1	0	0	0	0	1	1	0	1	1	0	1	0	1	1	1	0	1	1	1	1	1	1	
435306	1.01456e+06	0	0	0	0	0	0	1	1	0	1	1	1	1	1	1	1	1	0	1	1	1	0	1	1	0	0	1	0	1	1	1	0	0	0	1	1	0	1	0	1	1	1	1	0	1	1	1	0	1	0	1	1	1	0	1	0	0	0	0	0	1	0	0	1	0	1	1	0	1	1	1	0	0	1	1	1	1	0	1	1	0	0	1	0	0	0	0	1	1	0	1	1	0	1	0	1	1	1	1	1	1	1	1	1	1	
435156	1.01727e+06	0	0	0	0	0	1	0	1	0	1	0	1	1	1	1	1	1	0	1	1	1	0	1	1	0	1	1	0	1	1	1	0	0	0	1	1	0	1	0	1	1	1	1	0	1	1	1	0	1	0	1	1	1	0	1	0	0	0	0	0	1	0	0	1	0	1	0	0	1	1	1	0	0	1	1	1	1	0	1	1	0	0	1	0	0	0	0	1	1	0	1	1	0	1	0	1	1	1	1	1	1	1	1	1	1	
435086	1.01894e+06	0	0	0	0	0	1	0	1	0	1	0	1	1	1	1	1	1	0	1	1	1	0	1	1	0	1	1	0	1	1	1	0	0	0	1	1	0	1	0	1	0	1	1	1	1	1	1	0	1	0	1	1	1	0	1	0	0	0	0	0	1	0	0	1	0	1	0	0	1	1	1	0	0	1	1	1	1	0	1	1	0	0	1	0	0	0	0	1	1	0	1	1	0	1	0	1	1	1	1	1	1	1	1	1	1	
434376	1.02038e+06	0	0	0	0	0	0	0	1	0	1	1	1	1	1	1	1	1	0	1	1	1	0	1	1	0	1	1	0	1	1	1	0	0	0	1	1	0	1	0	1	1	1	1	0	1	1	1	0	1	0	1	1	1	0	1	0	0	0	0	0	1	0	0	1	0	1	1	0	1	1	1	0	0	1	1	1	1	0	1	1	0	0	1	0	0	0	0	1	1	0	1	1	0	1	0	1	1	1	1	1	1	1	1	1	1	
433576	1.02138e+06	0	1	0	0	0	1	0	1	0	1	0	1	1	1	1	1	1	0	1	1	1	0	1	1	0	1	1	0	1	1	1	0	0	0	1	1	0	1	0	1	0	1	1	1	1	1	1	0	1	0	1	1	1	0	0	0	0	0	0	0	1	0	0	1	0	1	0	0	1	1	1	0	0	1	1	1	1	0	1	1	0	0	1	0	0	0	0	1	1	0	1	1	0	1	0	1	1	1	1	1	1	1	1	1	1	
433021	1.02481e+06	0	1	0	0	0	1	0	1	0	1	1	0	1	1	1	1	1	0	1	1	1	0	1	1	0	1	1	0	1	1	1	0	0	0	1	1	0	1	0	1	1	1	1	0	1	1	1	0	1	0	1	1	1	0	1	0	0	0	0	0	1	0	0	1	0	1	0	0	1	1	1	0	1	1	1	1	1	0	1	1	0	0	1	0	0	0	0	1	1	0	1	1	0	1	0	1	1	1	1	1	1	1	1	1	1	
432492	1.02536e+06	0	1	0	0	0	1	0	1	0	1	1	0	1	1	1	1	1	0	1	1	1	0	1	1	0	1	1	0	1	1	1	0	0	0	1	1	0	1	0	1	1	1	1	0	1	1	1	0	1	0	1	1	1	0	1	0	0	1	0	0	1	0	0	1	0	1	0	0	1	1	1	0	0	1	1	1	1	0	1	1	0	0	1	0	0	0	0	1	1	0	1	1	0	1	0	1	1	1	0	1	1	1	1	1	1	
432026	1.02555e+06	0	1	0	0	0	0	0	1	0	1	1	1	1	1	1	1	1	0	1	1	1	0	1	1	0	0	1	0	1	1	1	0	0	0	1	1	0	1	0	1	1	1	1	1	1	1	1	0	1	0	1	1	1	0	1	0	0	0	0	0	1	0	0	1	0	1	1	0	1	1	1	0	1	1	1	1	1	0	1	1	0	0	1	0	0	0	0	1	1	0	1	1	0	1	0	1	1	1	1	1	1	1	1	1	1	
431536	1.02621e+06	0	1	0	0	0	0	0	1	0	1	1	1	1	1	1	1	1	0	1	1	1	0	1	1	0	0	1	0	1	1	1	0	0	0	1	1	0	1	0	1	1	1	1	0	1	1	1	0	1	0	1	1	1	0	1	0	0	1	0	0	1	0	0	1	0	1	1	0	1	1	1	0	0	1	1	1	1	0	1	1	0	0	1	0	0	0	0	1	1	0	1	1	0	1	0	1	1	1	1	1	1	1	1	1	1	
430891	1.02912e+06	0	0	0	0	0	1	0	1	0	1	1	0	1	1	1	1	1	0	1	1	1	0	1	1	0	1	1	0	1	1	1	0	0	0	1	1	0	1	0	1	1	1	1	0	1	1	1	0	1	0	1	1	1	0	0	0	0	0	0	0	1	0	0	1	0	1	0	0	1	1	1	0	0	1	1	1	1	0	1	1	1	0	1	0	0	0	0	1	1	0	1	1	0	1	0	1	1	1	1	1	1	1	1	1	1	
429896	1.02986e+06	0	0	0	0	0	0	0	1	0	1	1	1	1	1	1	1	1	0	1	1	1	0	1	1	0	0	1	0	1	1	1	0	0	0	1	1	0	1	0	1	1	1	1	1	1	1	1	0	1	0	1	1	1	0	0	0	0	0	0	0	1	0	0	1	0	1	1	0	1	1	1	0	0	1	1	1	1	0	1	1	1	0	1	0	0	0	0	1	1	0	1	1	0	1	0	1	1	1	1	1	1	1	1	1	1	
429561	1.03406e+06	0	1	0	0	0	1	0	1	0	1	1	0	1	1	1	1	1	0	1	1	1	0	1	1	0	0	1	0	1	1	1	0	0	0	1	1	0	1	0	1	1	1	1	0	1	1	1	0	1	0	1	1	1	0	1	0	0	0	0	0	1	0	0	1	0	1	0	0	1	1	1	0	0	1	1	1	1	0	1	1	1	0	1	0	0	0	0	1	1	0	1	1	0	1	0	1	1	1	1	1	1	1	1	1	1	
428051	1.03495e+06	0	1	0	0	0	1	0	1	0	1	1	0	1	1	1	1	1	0	1	1	1	0	1	1	0	0	1	0	1	1	1	0	0	0	1	1	0	1	0	1	1	1	1	0	1	1	1	0	1	0	1	1	1	0	0	0	0	1	0	0	1	0	0	1	0	1	0	0	1	1	1	0	0	1	1	1	1	0	1	1	1	0	1	0	0	0	0	1	1	0	1	1	0	1	0	1	1	1	1	1	1	1	1	1	1	
427638	1.03518e+06	0	1	0	0	0	1	1	1	0	1	1	1	1	1	1	1	1	0	1	1	1	0	1	1	0	1	1	0	1	1	1	0	0	0	1	1	0	1	0	1	0	1	1	1	1	1	1	0	1	0	1	1	1	0	0	0	0	0	0	0	1	0	0	1	0	1	0	0	1	1	1	0	0	1	1	1	1	0	0	1	0	0	1	0	0	0	0	1	1	0	1	1	0	1	0	1	1	1	1	1	1	1	1	1	1	
427438	1.0366e+06	0	1	0	0	0	1	0	1	0	1	0	1	1	1	1	1	1	0	1	1	1	0	1	1	0	1	1	0	1	1	1	0	0	0	1	1	0	1	0	1	1	1	1	0	1	1	1	0	1	0	1	1	1	0	1	0	0	0	0	0	1	1	0	1	0	1	0	0	1	1	1	0	1	1	1	1	1	0	0	1	0	0	1	0	0	0	0	1	1	0	1	1	0	1	0	1	1	1	1	1	1	1	1	1	1	
427083	1.03677e+06	0	1	0	0	0	1	1	1	0	1	1	0	1	1	1	1	1	0	1	1	1	0	1	1	0	1	1	0	1	1	1	0	0	0	1	1	0	1	0	1	1	1	1	0	1	1	1	0	1	0	1	1	1	0	1	0	0	0	0	0	1	0	0	1	0	1	1	0	1	1	1	0	1	1	1	1	1	0	0	1	0	0	1	0	0	0	0	1	1	0	1	1	0	1	0	1	1	1	1	1	1	1	1	1	1	
426909	1.03716e+06	0	1	0	0	0	1	0	1	0	1	0	1	1	1	1	1	1	0	1	1	1	0	1	1	0	1	1	0	1	1	1	0	0	0	1	1	0	1	0	1	1	1	1	0	1	1	1	0	1	0	1	1	1	0	1	0	0	1	0	0	1	1	0	1	0	1	0	0	1	1	1	0	0	1	1	1	1	0	0	1	0	0	1	0	0	0	0	1	1	0	1	1	0	1	0	1	1	1	0	1	1	1	1	1	1	
426554	1.03732e+06	0	1	0	0	0	1	1	1	0	1	1	0	1	1	1	1	1	0	1	1	1	0	1	1	0	1	1	0	1	1	1	0	0	0	1	1	0	1	0	1	1	1	1	0	1	1	1	0	1	0	1	1	1	0	1	0	0	1	0	0	1	0	0	1	0	1	1	0	1	1	1	0	0	1	1	1	1	0	0	1	0	0	1	0	0	0	0	1	1	0	1	1	0	1	0	1	1	1	0	1	1	1	1	1	1	
426339	1.03784e+06	0	1	0	0	0	1	0	1	0	1	1	1	1	1	1	1	1	0	1	1	1	0	1	1	0	1	1	0	1	1	1	0	0	0	1	1	0	1	1	1	0	1	1	0	1	1	1	0	1	0	1	1	1	0	1	0	0	0	0	0	1	0	0	1	0	1	1	0	1	1	1	0	0	1	1	1	1	0	0	1	0	0	1	0	0	0	0	1	1	0	1	1	0	1	0	1	1	1	0	1	1	1	1	1	1	
426308	1.03856e+06	0	1	0	0	0	1	1	1	0	1	1	1	1	1	1	1	1	0	1	1	1	0	1	1	0	0	1	0	1	1	1	0	0	0	1	1	0	1	0	1	0	1	1	1	1	1	1	0	1	0	1	1	1	0	1	0	0	1	0	0	1	0	0	1	0	1	0	0	1	1	1	0	0	1	1	1	1	0	0	1	0	0	1	0	0	0	0	1	1	0	1	1	0	1	0	1	1	1	1	1	1	1	1	1	1	
426168	1.04173e+06	0	1	0	0	0	1	0	1	0	1	1	1	1	1	1	1	1	0	1	1	1	0	1	1	0	1	1	0	1	1	1	0	0	0	1	1	0	1	0	1	1	1	1	0	1	1	1	0	1	0	1	1	1	0	1	0	0	0	0	0	1	0	0	1	0	1	1	0	1	1	1	0	0	1	1	1	1	0	0	1	0	0	1	0	0	0	0	1	1	0	1	1	0	1	0	1	1	1	1	1	1	1	1	1	1	
426098	1.0434e+06	0	1	0	0	0	1	0	1	0	1	1	1	1	1	1	1	1	0	1	1	1	0	1	1	0	1	1	0	1	1	1	0	0	0	1	1	0	1	0	1	0	1	1	1	1	1	1	0	1	0	1	1	1	0	1	0	0	0	0	0	1	0	0	1	0	1	1	0	1	1	1	0	0	1	1	1	1	0	0	1	0	0	1	0	0	0	0	1	1	0	1	1	0	1	0	1	1	1	1	1	1	1	1	1	1	
424588	1.04429e+06	0	1	0	0	0	1	0	1	0	1	1	1	1	1	1	1	1	0	1	1	1	0	1	1	0	1	1	0	1	1	1	0	0	0	1	1	0	1	0	1	0	1	1	1	1	1	1	0	1	0	1	1	1	0	0	0	0	1	0	0	1	0	0	1	0	1	1	0	1	1	1	0	0	1	1	1	1	0	0	1	0	0	1	0	0	0	0	1	1	0	1	1	0	1	0	1	1	1	1	1	1	1	1	1	1	
424408	1.04574e+06	0	0	0	0	0	1	0	1	0	1	1	1	1	1	1	1	1	1	1	1	1	0	1	1	0	1	1	0	1	1	1	0	0	0	1	1	0	1	0	1	1	1	1	0	1	1	1	0	1	0	1	1	1	0	1	0	0	0	0	0	0	0	0	1	0	1	1	0	1	1	1	0	0	1	1	1	1	0	1	1	1	0	1	0	0	0	0	1	1	0	1	1	0	1	0	1	1	1	1	1	1	1	1	1	1	
423978	1.04586e+06	0	1	0	0	0	1	0	1	0	1	0	1	1	1	1	1	1	0	1	1	1	0	1	1	0	0	1	0	1	1	1	0	0	0	1	1	0	1	0	1	1	1	1	0	1	1	1	0	1	0	1	1	1	0	1	0	0	0	0	0	1	1	0	1	0	1	0	0	1	1	1	0	0	1	1	1	1	0	0	1	1	0	1	0	0	0	0	1	1	0	1	1	0	1	0	1	1	1	1	1	1	1	1	1	1	
423808	1.04637e+06	0	0	0	0	0	1	0	1	0	1	1	1	1	1	1	1	1	0	1	1	1	0	1	1	0	1	1	0	1	1	1	0	0	0	1	1	0	1	0	1	1	1	1	1	1	1	1	0	1	0	1	1	1	0	0	0	0	0	0	0	1	0	0	1	0	1	0	0	1	1	1	0	0	1	1	1	1	0	0	1	1	0	1	0	0	0	0	1	1	0	1	1	0	1	0	1	1	1	1	1	1	1	1	1	1	
423413	1.04831e+06	0	0	0	0	0	1	0	1	0	1	1	0	1	1	1	1	1	0	1	1	1	0	1	1	0	1	1	0	1	1	1	0	0	0	1	1	0	1	1	1	1	1	1	0	1	1	1	0	1	0	1	1	1	0	1	0	0	0	0	0	1	0	0	1	0	1	1	0	1	1	1	0	0	1	1	1	1	0	0	1	1	0	1	0	0	0	0	1	1	0	1	1	0	1	0	1	1	1	1	1	1	1	1	1	1	
422978	1.04832e+06	0	0	0	1	0	0	0	1	0	1	1	1	1	1	1	1	1	0	1	1	1	0	1	1	0	1	1	0	1	1	1	0	0	0	1	1	0	1	0	1	1	1	1	0	1	1	1	0	1	0	1	1	1	0	1	0	0	0	0	0	1	0	0	1	0	1	0	0	1	1	1	0	1	1	1	1	1	0	0	1	1	0	1	0	0	0	0	1	1	0	1	1	0	1	0	1	1	1	1	1	1	1	1	1	1	
422813	1.04872e+06	0	0	0	0	0	0	0	1	0	1	1	1	1	1	1	1	1	0	1	1	1	0	1	1	0	1	1	0	1	1	1	0	0	0	1	1	0	1	0	1	0	1	1	0	1	1	1	0	1	0	1	1	1	0	1	0	0	0	0	0	1	0	0	1	1	1	0	0	1	1	1	0	1	1	1	1	1	0	0	1	1	0	1	0	0	0	0	1	1	0	1	1	0	1	0	1	1	1	1	1	1	1	1	1	1	
422603	1.04967e+06	0	0	0	0	0	0	0	1	0	1	0	1	1	1	1	1	1	0	1	1	1	0	1	1	0	1	1	0	1	1	1	0	0	0	1	1	0	1	0	1	1	1	1	1	1	1	1	0	1	0	1	1	1	0	1	0	0	0	0	0	1	0	0	1	1	1	0	0	1	1	1	0	1	1	1	1	1	0	0	1	1	0	1	0	0	0	0	1	1	0	1	1	0	1	0	1	1	1	1	1	1	1	1	1	1	
422478	1.05131e+06	0	1	0	0	0	1	0	1	0	1	1	1	1	1	1	1	1	0	1	1	1	0	1	1	0	0	1	0	1	1	1	0	0	0	1	1	0	1	0	1	1	1	1	1	1	1	1	0	1	0	1	1	1	0	1	0	0	0	0	0	1	0	0	1	0	1	0	0	1	1	1	0	0	1	1	1	1	0	0	1	1	0	1	0	0	0	0	1	1	0	1	1	0	1	0	1	1	1	1	1	1	1	1	1	1	
422113	1.05188e+06	0	1	0	0	0	0	0	1	0	1	0	1	1	1	1	1	1	0	1	1	1	0	1	1	0	1	1	0	1	1	1	0	0	0	1	1	0	1	0	1	1	1	1	0	1	1	1	0	1	0	1	1	1	0	1	0	0	0	0	0	1	0	0	1	1	1	0	0	1	1	1	0	0	1	1	1	1	0	0	1	1	0	1	0	0	0	0	1	1	0	1	1	0	1	0	1	1	1	1	1	1	1	1	1	1	
420968	1.0522e+06	0	1	0	0	0	1	0	1	0	1	1	1	1	1	1	1	1	0	1	1	1	0	1	1	0	0	1	0	1	1	1	0	0	0	1	1	0	1	0	1	1	1	1	1	1	1	1	0	1	0	1	1	1	0	0	0	0	1	0	0	1	0	0	1	0	1	0	0	1	1	1	0	0	1	1	1	1	0	0	1	1	0	1	0	0	0	0	1	1	0	1	1	0	1	0	1	1	1	1	1	1	1	1	1	1	
420603	1.05277e+06	0	1	0	0	0	0	0	1	0	1	0	1	1	1	1	1	1	0	1	1	1	0	1	1	0	1	1	0	1	1	1	0	0	0	1	1	0	1	0	1	1	1	1	0	1	1	1	0	1	0	1	1	1	0	0	0	0	1	0	0	1	0	0	1	1	1	0	0	1	1	1	0	0	1	1	1	1	0	0	1	1	0	1	0	0	0	0	1	1	0	1	1	0	1	0	1	1	1	1	1	1	1	1	1	1	
420573	1.05414e+06	0	1	0	0	0	1	0	1	0	1	1	0	1	1	1	1	1	0	1	1	1	0	1	1	0	0	1	0	1	1	1	0	0	0	1	1	0	1	1	1	1	1	1	0	1	1	1	0	1	0	1	1	1	0	1	0	0	1	0	0	1	0	0	1	0	1	1	0	1	1	1	0	0	1	1	1	1	0	0	1	1	0	1	0	0	0	0	1	1	0	1	1	0	1	0	1	1	1	1	1	1	1	1	1	1	
420138	1.05414e+06	0	1	0	1	0	0	0	1	0	1	1	1	1	1	1	1	1	0	1	1	1	0	1	1	0	0	1	0	1	1	1	0	0	0	1	1	0	1	0	1	1	1	1	0	1	1	1	0	1	0	1	1	1	0	1	0	0	1	0	0	1	0	0	1	0	1	0	0	1	1	1	0	1	1	1	1	1	0	0	1	1	0	1	0	0	0	0	1	1	0	1	1	0	1	0	1	1	1	1	1	1	1	1	1	1	
420089	1.05598e+06	0	1	0	0	0	1	1	1	0	1	1	1	1	1	1	1	1	0	1	1	1	0	1	1	0	1	1	0	1	1	0	0	0	0	1	1	0	1	0	1	1	1	1	1	1	1	1	0	1	0	1	1	1	0	1	0	0	0	0	0	1	0	0	1	0	1	0	0	1	1	1	0	0	1	1	1	1	0	1	1	1	0	1	0	0	0	0	1	1	0	1	1	0	1	0	1	1	1	1	1	1	1	1	1	1	
419583	1.05738e+06	0	1	0	1	0	0	0	1	0	1	1	0	1	1	1	1	1	0	1	1	1	0	1	1	0	1	1	0	1	1	1	0	0	0	1	1	0	1	0	1	1	1	1	1	1	1	1	0	1	0	1	1	1	0	1	0	0	1	0	0	1	0	0	1	0	1	0	0	1	1	1	0	0	1	1	1	1	0	0	1	1	0	1	0	0	0	0	1	1	0	1	1	0	1	0	1	1	1	1	1	1	1	1	1	1	
419418	1.05778e+06	0	1	0	0	0	0	0	1	0	1	1	0	1	1	1	1	1	0	1	1	1	0	1	1	0	1	1	0	1	1	1	0	0	0	1	1	0	1	0	1	0	1	1	1	1	1	1	0	1	0	1	1	1	0	1	0	0	1	0	0	1	0	0	1	1	1	0	0	1	1	1	0	0	1	1	1	1	0	0	1	1	0	1	0	0	0	0	1	1	0	1	1	0	1	0	1	1	1	1	1	1	1	1	1	1	
417830	1.05998e+06	0	0	0	0	0	1	0	1	0	1	1	1	1	1	1	1	1	0	1	1	1	0	1	1	0	1	1	0	1	1	1	0	0	0	1	1	0	1	0	1	1	1	1	0	1	1	1	0	1	0	0	1	1	0	1	0	0	0	0	0	1	1	0	1	0	1	1	0	1	1	1	0	0	1	1	1	1	0	0	1	1	0	1	0	0	0	0	1	1	0	1	1	0	1	0	1	1	1	1	1	1	1	1	1	1	
417249	1.06131e+06	0	1	0	0	0	1	0	1	0	1	1	1	1	1	1	1	1	0	1	1	1	0	1	1	0	1	1	0	1	1	0	0	0	0	1	1	0	1	1	1	0	1	1	0	1	1	1	0	1	0	1	1	1	0	1	0	0	1	0	0	1	0	0	1	0	1	1	0	1	1	1	0	0	1	1	1	1	0	1	1	1	0	1	0	0	0	0	1	1	0	1	1	0	1	0	1	1	1	1	1	1	1	1	1	1	
416330	1.0626e+06	0	0	0	0	0	1	0	1	0	1	1	1	1	1	1	1	1	0	1	1	1	0	1	1	0	1	1	0	1	1	1	0	0	0	1	1	0	1	1	1	1	1	1	1	1	1	1	0	1	0	0	1	1	0	1	0	0	0	0	0	1	0	0	1	0	1	1	0	1	1	1	0	0	1	1	1	1	0	0	1	1	0	1	0	0	0	0	1	1	0	1	1	0	1	0	1	1	1	1	1	1	1	1	1	1	
416175	1.06272e+06	0	1	0	0	0	0	1	1	0	1	1	1	1	1	1	1	1	0	1	1	1	0	1	1	0	1	1	0	1	1	1	0	0	0	1	1	0	1	0	1	1	1	1	0	1	1	1	0	1	0	0	1	1	0	1	0	0	0	0	0	1	0	0	1	1	1	0	0	1	1	1	0	0	1	1	1	1	0	0	1	1	0	1	0	0	0	0	1	1	0	1	1	0	1	0	1	1	1	1	1	1	1	1	1	1	
415480	1.0643e+06	0	1	0	0	0	1	0	1	0	1	1	1	1	1	1	1	1	1	1	1	1	0	1	1	0	1	1	0	1	1	1	0	0	0	1	1	0	1	0	1	1	1	1	0	1	1	1	0	1	0	1	1	1	0	1	0	0	1	0	0	0	1	0	1	0	1	0	0	1	1	1	0	0	1	1	1	1	0	0	1	1	0	1	0	0	0	0	1	1	0	1	1	0	1	0	1	1	1	1	1	1	1	1	1	1	
415080	1.06486e+06	0	1	0	0	0	1	0	1	0	1	1	1	1	1	1	1	1	0	1	1	1	0	1	1	0	1	1	0	1	1	1	0	0	0	1	1	0	1	0	1	0	1	1	1	1	1	1	0	1	0	1	1	1	0	1	0	0	1	0	0	0	1	0	1	0	1	0	0	1	1	1	0	0	1	1	1	1	0	0	1	1	0	1	0	0	0	0	1	1	0	1	1	0	1	0	1	1	1	1	1	1	1	1	1	1	
415030	1.0661e+06	0	1	0	1	0	0	1	1	0	1	1	1	1	1	1	1	1	0	1	1	1	0	1	1	0	1	1	0	1	1	1	0	0	0	1	1	0	1	0	1	1	1	1	0	1	1	1	0	1	0	1	1	1	0	1	0	0	1	0	0	0	0	0	1	0	1	1	0	1	1	1	0	0	1	1	1	1	0	0	1	1	0	1	0	0	0	0	1	1	0	1	1	0	1	0	1	1	1	1	1	1	1	1	1	1	
414865	1.0665e+06	0	1	0	0	0	0	1	1	0	1	1	1	1	1	1	1	1	0	1	1	1	0	1	1	0	1	1	0	1	1	1	0	0	0	1	1	0	1	0	1	0	1	1	0	1	1	1	0	1	0	1	1	1	0	1	0	0	1	0	0	0	0	0	1	1	1	1	0	1	1	1	0	0	1	1	1	1	0	0	1	1	0	1	0	0	0	0	1	1	0	1	1	0	1	0	1	1	1	1	1	1	1	1	1	1	
414860	1.06658e+06	0	1	0	0	0	1	0	1	0	1	1	1	1	1	1	1	1	0	1	1	1	0	1	1	0	1	1	0	1	1	1	0	0	0	1	1	0	1	1	1	1	1	1	1	1	1	1	0	1	0	1	1	1	0	1	0	0	0	0	0	0	0	0	1	0	1	1	0	1	1	1	0	1	1	1	1	1	0	0	1	1	0	1	0	0	0	0	1	1	0	1	1	0	1	0	1	1	1	1	1	1	1	1	1	1	
414370	1.06724e+06	0	1	0	0	0	1	0	1	0	1	1	1	1	1	1	1	1	0	1	1	1	0	1	1	0	1	1	0	1	1	1	0	0	0	1	1	0	1	1	1	1	1	1	0	1	1	1	0	1	0	1	1	1	0	1	0	0	1	0	0	0	0	0	1	0	1	1	0	1	1	1	0	0	1	1	1	1	0	0	1	1	0	1	0	0	0	0	1	1	0	1	1	0	1	0	1	1	1	1	1	1	1	1	1	1	
414210	1.06904e+06	0	1	0	1	0	1	0	1	0	1	1	1	1	1	1	1	1	0	1	1	1	0	1	1	0	1	1	0	1	1	1	0	0	0	1	1	0	1	0	1	0	1	1	0	1	1	1	0	1	0	0	1	1	0	1	0	0	1	0	0	1	0	0	1	0	1	0	0	1	1	1	0	0	1	1	1	1	0	0	1	1	0	1	0	0	0	0	1	1	0	1	1	0	1	0	1	1	1	1	1	1	1	1	1	1	
414000	1.06999e+06	0	1	0	1	0	1	0	1	0	1	0	1	1	1	1	1	1	0	1	1	1	0	1	1	0	1	1	0	1	1	1	0	0	0	1	1	0	1	0	1	1	1	1	1	1	1	1	0	1	0	0	1	1	0	1	0	0	1	0	0	1	0	0	1	0	1	0	0	1	1	1	0	0	1	1	1	1	0	0	1	1	0	1	0	0	0	0	1	1	0	1	1	0	1	0	1	1	1	1	1	1	1	1	1	1	
413835	1.07039e+06	0	1	0	0	0	1	0	1	0	1	0	1	1	1	1	1	1	0	1	1	1	0	1	1	0	1	1	0	1	1	1	0	0	0	1	1	0	1	0	1	0	1	1	1	1	1	1	0	1	0	0	1	1	0	1	0	0	1	0	0	1	0	0	1	1	1	0	0	1	1	1	0	0	1	1	1	1	0	0	1	1	0	1	0	0	0	0	1	1	0	1	1	0	1	0	1	1	1	1	1	1	1	1	1	1	
413615	1.07117e+06	0	1	0	0	0	0	0	1	0	1	1	1	1	1	1	1	1	0	1	1	1	0	1	1	0	1	1	0	1	1	1	0	0	0	1	1	0	1	0	1	1	1	1	1	1	1	1	0	1	0	0	1	1	0	1	0	0	0	0	0	1	0	0	1	1	1	1	0	1	1	1	0	1	1	1	1	1	0	0	1	1	0	1	0	0	0	0	1	1	0	1	1	0	1	0	1	1	1	1	1	1	1	1	1	1	
413125	1.07183e+06	0	1	0	0	0	0	0	1	0	1	1	1	1	1	1	1	1	0	1	1	1	0	1	1	0	1	1	0	1	1	1	0	0	0	1	1	0	1	0	1	1	1	1	0	1	1	1	0	1	0	0	1	1	0	1	0	0	1	0	0	1	0	0	1	1	1	1	0	1	1	1	0	0	1	1	1	1	0	0	1	1	0	1	0	0	0	0	1	1	0	1	1	0	1	0	1	1	1	1	1	1	1	1	1	1	
411151	1.07192e+06	0	1	0	0	0	1	1	1	0	1	1	1	1	1	1	1	1	0	1	1	1	0	1	1	0	1	1	0	1	1	0	0	0	0	1	1	0	1	1	1	1	1	1	0	1	1	1	0	1	0	1	1	1	0	1	0	0	1	0	0	1	0	0	1	0	1	1	0	1	1	1	0	1	1	1	1	1	0	0	1	1	0	1	0	0	0	0	1	1	0	1	1	0	1	0	1	1	1	1	1	1	1	1	1	1	
411101	1.07605e+06	0	1	0	0	0	1	1	1	0	1	1	1	1	1	1	1	1	0	1	1	1	0	1	1	0	1	1	0	1	1	0	0	0	0	1	1	0	1	1	1	1	1	1	1	1	1	1	0	1	0	1	1	1	0	1	0	0	1	0	0	1	0	0	1	0	1	1	0	1	1	1	0	0	1	1	1	1	0	0	1	1	0	1	0	0	0	0	1	1	0	1	1	0	1	0	1	1	1	1	1	1	1	1	1	1	
408590	1.07715e+06	0	1	0	0	0	0	0	1	0	1	1	1	1	1	1	1	1	0	1	1	1	0	1	1	0	1	1	0	1	1	1	0	0	0	1	1	0	1	0	1	1	1	1	1	1	1	1	0	1	0	0	1	1	0	1	0	0	1	0	0	1	0	0	1	1	0	1	0	1	1	1	0	0	1	1	1	1	0	0	1	1	0	1	0	0	0	0	1	1	0	1	1	0	1	0	1	1	1	1	1	1	1	1	1	1	
407672	1.07778e+06	0	1	0	0	0	0	1	1	0	1	1	1	1	1	1	1	1	0	1	1	1	0	1	1	0	1	1	0	1	1	1	0	0	0	1	1	0	1	1	1	1	1	1	1	1	1	1	0	1	1	0	1	1	0	1	0	0	0	0	0	0	0	0	1	1	1	1	0	1	1	1	0	0	1	1	1	1	0	0	1	1	0	1	0	0	0	0	1	1	0	1	1	0	1	0	1	1	1	1	1	1	1	1	1	1	
406900	1.07962e+06	0	1	0	0	0	1	0	1	0	1	1	1	1	1	1	1	1	0	1	1	1	0	1	1	0	1	1	0	1	1	1	0	0	0	1	1	0	1	0	1	1	1	1	1	1	1	1	0	1	0	0	1	1	0	1	0	0	1	0	0	0	1	0	1	0	1	1	0	1	1	1	0	0	1	1	1	1	0	0	1	1	0	1	0	1	0	0	1	1	0	1	1	0	1	0	1	1	1	1	1	1	1	1	1	1	
406652	1.07965e+06	0	1	0	0	0	1	0	1	0	1	1	1	1	1	1	1	1	0	1	1	1	0	1	1	0	1	1	0	1	1	1	0	0	0	1	1	0	1	1	1	1	1	1	1	1	1	1	0	1	0	0	1	1	0	1	0	0	1	0	0	0	1	0	1	0	1	1	0	1	1	1	0	1	1	1	1	1	0	0	1	1	0	1	0	0	0	0	1	1	0	1	1	0	1	0	1	1	1	1	1	1	1	1	1	1	
406287	1.07966e+06	0	1	0	0	0	1	0	1	0	1	1	1	1	1	1	1	1	0	1	1	1	0	1	1	0	1	1	0	1	1	1	0	0	0	1	1	0	1	0	1	1	1	1	0	1	1	1	0	1	0	0	1	1	0	1	0	0	1	0	0	0	0	0	1	1	1	1	0	1	1	1	0	1	1	1	1	1	0	0	1	1	1	1	0	0	0	0	1	1	0	1	1	0	1	0	1	1	1	1	1	1	1	1	1	1	
406112	1.08043e+06	0	1	0	1	0	1	0	1	0	1	1	1	1	1	1	1	1	1	1	1	1	0	0	1	0	1	1	0	1	1	1	0	0	0	1	1	0	1	1	1	1	1	1	0	1	1	1	0	1	0	0	1	1	0	1	0	0	1	0	0	1	0	0	1	0	1	1	0	1	1	1	0	1	1	1	1	1	0	0	1	1	0	1	0	0	0	0	1	1	0	1	1	0	1	0	1	1	1	1	1	1	1	1	1	1	
406047	1.08096e+06	0	1	0	0	0	0	1	1	0	1	1	1	1	1	1	1	1	1	1	1	1	0	1	1	0	1	1	0	1	1	1	0	0	0	1	1	0	1	1	1	1	1	1	1	1	1	1	0	1	0	0	1	1	0	1	0	0	1	0	0	0	0	0	1	1	1	1	0	1	1	1	0	1	1	1	1	1	0	0	1	1	0	1	0	0	0	0	1	1	0	1	1	0	1	0	1	1	1	1	1	1	1	1	1	1	
405452	1.08248e+06	0	1	0	0	0	1	0	1	0	1	1	1	1	1	1	1	1	0	1	1	1	0	1	1	0	1	1	0	1	1	1	0	0	0	1	1	0	1	0	1	1	1	1	0	1	1	1	0	1	1	0	1	1	0	1	0	0	1	0	0	0	0	0	1	1	1	1	0	1	1	1	0	1	1	1	1	1	0	0	1	1	0	1	0	0	0	0	1	1	0	1	1	0	1	0	1	1	1	1	1	1	1	1	1	1	
404178	1.08248e+06	0	1	0	0	0	1	1	1	0	1	1	1	1	1	1	1	1	0	1	1	1	0	1	1	0	1	1	0	1	1	0	0	0	0	1	1	0	1	0	1	1	1	1	1	1	1	1	0	1	1	0	1	1	0	1	0	0	1	0	0	1	1	0	1	0	1	1	0	1	1	1	0	0	1	1	1	1	0	0	1	1	0	1	0	0	0	0	1	1	0	1	1	0	1	0	1	1	1	1	1	1	1	1	1	1	
403468	1.08278e+06	0	1	0	0	0	1	1	1	0	1	1	1	1	1	1	1	1	0	1	1	1	0	1	1	0	1	1	0	1	1	0	0	0	0	1	1	0	1	0	1	1	1	1	1	1	1	1	0	1	1	0	1	1	0	1	0	0	0	0	0	1	0	0	1	1	1	0	0	1	1	1	0	1	1	1	1	1	1	0	1	1	0	1	0	0	0	0	1	1	0	1	1	0	1	0	1	1	1	1	1	1	1	1	1	1	
403273	1.08369e+06	0	1	0	0	0	1	1	1	0	1	1	1	1	1	1	1	1	1	1	1	1	0	1	1	0	1	1	0	1	1	0	0	0	0	1	1	0	1	1	1	1	1	1	1	1	1	1	0	1	0	0	1	1	0	1	0	0	1	0	0	1	1	0	1	0	1	1	0	1	1	1	0	1	1	1	1	1	0	0	1	1	0	1	0	0	0	0	1	1	0	1	1	0	1	0	1	1	1	1	1	1	1	1	1	1	
402146	1.08445e+06	0	1	0	0	0	1	0	1	0	1	1	1	1	1	1	1	1	0	1	1	1	0	1	1	0	1	1	0	1	1	0	0	0	0	1	1	0	1	1	1	1	1	1	0	1	1	1	0	1	1	0	1	1	0	1	0	0	1	0	0	1	1	0	1	0	1	1	0	1	1	1	0	0	1	1	1	1	0	0	1	1	0	1	0	1	0	0	1	1	0	1	1	0	1	0	1	1	1	1	1	1	1	1	1	1	
401628	1.08576e+06	0	1	0	1	0	1	0	1	0	1	1	1	1	1	1	1	1	0	1	1	1	0	1	1	0	1	1	0	1	1	0	0	0	0	1	1	0	1	1	1	1	1	1	0	1	1	1	0	1	1	0	1	1	0	1	0	0	1	0	0	1	0	0	1	0	1	1	0	1	1	1	0	1	1	1	1	1	0	0	1	1	1	1	0	0	0	0	1	1	0	1	1	0	1	0	1	1	1	1	1	1	1	1	1	1	
401618	1.08593e+06	0	1	0	0	0	1	0	1	0	1	1	1	1	1	1	1	1	0	1	1	1	0	1	1	0	1	1	0	1	1	0	0	0	0	1	1	0	1	1	1	1	1	1	1	1	1	1	0	1	1	0	1	1	0	1	0	0	1	0	0	1	1	0	1	0	1	1	0	1	1	1	1	1	1	1	1	1	0	0	1	1	0	1	0	0	0	0	1	1	0	1	1	0	1	0	1	1	1	1	1	1	1	1	1	1	
401463	1.08616e+06	0	1	0	0	0	1	0	1	0	1	1	1	1	1	1	1	1	0	1	1	1	0	1	1	0	1	1	0	1	1	0	0	0	0	1	1	0	1	1	1	0	1	1	0	1	1	1	0	1	1	0	1	1	0	1	0	0	1	0	0	1	0	0	1	1	1	1	0	1	1	1	0	1	1	1	1	1	0	0	1	1	1	1	0	0	0	0	1	1	0	1	1	0	1	0	1	1	1	1	1	1	1	1	1	1	
400793	1.0877e+06	0	1	0	1	0	1	0	1	0	1	1	1	1	1	1	1	1	0	1	1	1	0	1	1	0	1	1	0	1	1	0	0	0	0	1	1	0	1	1	1	1	1	1	0	1	1	1	0	1	1	0	1	1	0	1	0	0	1	0	0	1	0	0	1	0	1	1	0	1	1	1	0	1	1	1	1	1	1	0	1	1	0	1	0	0	0	0	1	1	0	1	1	0	1	0	1	1	1	1	1	1	1	1	1	1	
400628	1.08810e+06	0	1	0	0	0	1	0	1	0	1	1	1	1	1	1	1	1	0	1	1	1	0	1	1	0	1	1	0	1	1	0	0	0	0	1	1	0	1	1	1	0	1	1	0	1	1	1	0	1	1	0	1	1	0	1	0	0	1	0	0	1	0	0	1	1	1	1	0	1	1	1	0	1	1	1	1	1	1	0	1	1	0	1	0	0	0	0	1	1	0	1	1	0	1	0	1	1	1	1	1	1	1	1	1	1	
400363	1.08824e+06	0	1	0	0	0	1	1	1	0	1	1	1	1	1	1	1	1	0	1	1	1	0	1	1	0	1	1	0	1	1	0	0	0	0	1	1	0	1	1	1	1	1	1	1	1	1	1	0	1	1	0	1	1	0	1	0	0	1	0	0	1	1	0	1	0	0	1	0	1	1	1	0	0	1	1	1	1	0	0	1	1	0	1	0	0	0	0	1	1	0	1	1	0	1	0	1	1	1	1	1	1	1	1	1	1	
398534	1.08877e+06	0	1	0	0	0	1	0	1	0	1	1	1	1	1	1	1	1	0	1	1	1	0	0	1	0	1	1	0	1	1	1	0	0	0	1	1	0	1	1	1	1	1	1	1	1	1	1	0	1	1	0	1	1	0	1	0	0	1	0	0	0	0	0	1	1	1	1	0	1	1	1	0	0	1	1	1	1	0	0	1	1	1	1	0	0	0	0	1	1	0	1	1	0	1	0	1	1	1	1	1	1	1	1	1	1	
397699	1.09071e+06	0	1	0	0	0	1	0	1	0	1	1	1	1	1	1	1	1	0	1	1	1	0	0	1	0	1	1	0	1	1	1	0	0	0	1	1	0	1	1	1	1	1	1	1	1	1	1	0	1	1	0	1	1	0	1	0	0	1	0	0	0	0	0	1	1	1	1	0	1	1	1	0	0	1	1	1	1	1	0	1	1	0	1	0	0	0	0	1	1	0	1	1	0	1	0	1	1	1	1	1	1	1	1	1	1	
395460	1.09319e+06	0	1	0	0	0	1	0	1	0	1	1	1	1	1	1	1	1	0	1	1	0	0	1	1	0	1	1	0	1	1	1	0	0	0	1	1	0	1	0	1	1	1	1	0	1	1	1	0	1	0	0	1	1	0	1	0	0	1	0	0	1	1	0	1	1	1	1	0	1	1	1	0	1	1	1	1	1	0	0	1	1	0	1	0	0	0	0	1	1	0	1	1	0	1	0	1	1	1	1	1	1	1	1	1	1	
395315	1.09345e+06	0	1	0	0	0	1	1	1	0	1	1	1	1	1	1	1	1	0	1	1	1	0	0	1	0	1	1	0	1	1	0	0	0	0	1	1	0	1	1	1	1	1	1	1	1	1	1	0	1	1	0	1	1	0	1	0	0	1	0	0	1	0	0	1	1	1	1	0	1	1	1	0	1	1	1	1	1	0	0	1	1	1	1	0	0	0	0	1	1	0	1	1	0	1	0	1	1	1	1	1	1	1	1	1	1	
394480	1.09539e+06	0	1	0	0	0	1	1	1	0	1	1	1	1	1	1	1	1	0	1	1	1	0	0	1	0	1	1	0	1	1	0	0	0	0	1	1	0	1	1	1	1	1	1	1	1	1	1	0	1	1	0	1	1	0	1	0	0	1	0	0	1	0	0	1	1	1	1	0	1	1	1	0	1	1	1	1	1	1	0	1	1	0	1	0	0	0	0	1	1	0	1	1	0	1	0	1	1	1	1	1	1	1	1	1	1	
393960	1.09581e+06	0	1	0	0	0	1	0	1	0	1	1	1	1	1	1	1	1	0	1	1	0	0	1	1	0	1	1	0	1	1	1	0	0	0	1	1	0	1	1	1	1	1	1	1	1	1	1	0	1	0	0	1	1	0	1	0	0	1	0	0	1	0	0	1	1	1	1	0	1	1	1	0	1	1	1	1	1	0	0	1	1	0	1	0	0	0	0	1	1	0	1	1	0	1	0	1	1	1	1	1	1	1	1	1	1	
391571	1.09628e+06	0	1	0	0	0	1	1	1	0	1	1	1	1	1	1	1	1	0	1	1	0	0	1	1	0	1	1	0	1	1	0	0	0	0	1	1	0	1	1	1	1	1	1	1	1	1	1	0	1	0	1	1	1	0	1	0	0	1	0	0	1	0	0	1	1	1	1	0	1	1	1	0	1	1	1	1	1	0	0	1	1	1	1	0	0	0	0	1	1	0	1	1	0	1	0	1	1	1	1	1	1	1	1	1	1	
390736	1.0991e+06	0	1	0	0	0	1	1	1	0	1	1	1	1	1	1	1	1	0	1	1	0	0	1	1	0	1	1	0	1	1	0	0	0	0	1	1	0	1	1	1	1	1	1	1	1	1	1	0	1	1	1	1	1	0	1	0	0	1	0	0	1	0	0	1	1	1	1	0	1	1	1	0	1	1	1	1	1	0	0	1	1	0	1	0	0	0	0	1	1	0	1	1	0	1	0	1	1	1	1	1	1	1	1	1	1	
389517	1.0998e+06	0	1	0	0	0	1	1	1	0	1	1	1	1	1	1	1	1	0	1	1	0	0	1	1	0	1	1	0	1	1	1	0	0	0	1	1	0	1	1	1	1	1	1	0	1	1	1	0	1	1	0	1	1	0	1	0	0	1	0	0	0	1	0	1	1	1	1	0	1	1	1	0	0	1	1	1	1	0	0	1	1	0	1	0	0	0	0	1	1	0	1	1	0	1	0	1	1	1	1	1	1	1	1	1	1	
387857	1.10071e+06	0	1	0	1	0	1	1	1	0	1	1	1	1	1	1	1	1	0	1	1	0	0	0	1	0	1	1	0	1	1	1	0	0	0	1	1	0	1	0	1	0	1	1	1	1	1	1	0	1	1	0	1	1	0	1	0	0	1	0	0	1	0	0	1	1	1	1	0	1	1	1	0	0	1	1	1	1	0	0	1	1	0	1	0	0	0	0	1	1	0	1	1	0	1	0	1	1	1	1	1	1	1	1	1	1	
387692	1.10159e+06	0	1	0	1	0	1	1	1	0	1	1	1	1	1	1	1	1	0	1	1	0	0	1	1	0	1	1	0	1	1	1	0	0	0	1	1	0	1	0	1	1	1	1	1	1	1	1	0	1	1	0	1	1	0	1	0	0	1	0	0	0	0	0	1	1	1	0	0	1	1	1	0	0	1	1	1	1	1	0	1	1	0	1	0	0	0	0	1	1	0	1	1	0	1	0	1	1	1	1	1	1	1	1	1	1	
386535	1.10266e+06	0	1	0	0	0	1	0	1	0	1	1	1	1	1	1	1	1	0	1	1	0	0	1	1	0	1	1	0	1	1	1	0	0	0	1	1	0	1	0	1	1	1	1	1	1	1	1	0	1	1	0	1	1	0	1	0	0	1	0	0	0	1	0	1	1	1	1	0	1	1	1	0	1	1	1	1	1	0	0	1	1	0	1	0	1	0	0	1	1	0	1	1	0	1	0	1	1	1	1	1	1	1	1	1	1	
384808	1.10306e+06	0	1	0	0	0	1	1	1	0	1	1	1	1	1	1	1	1	0	1	1	0	0	1	1	0	1	1	0	1	1	0	0	0	0	1	1	0	1	1	1	0	1	1	1	1	1	1	0	1	1	0	1	1	0	1	0	0	1	0	0	1	1	0	1	1	1	1	0	1	1	1	0	0	1	1	1	1	0	0	1	1	1	1	0	0	0	0	1	1	0	1	1	0	1	0	1	1	1	1	1	1	1	1	1	1	
384160	1.10341e+06	0	1	0	1	0	0	0	1	0	1	1	1	1	1	1	1	1	0	1	1	0	0	1	1	0	1	1	0	1	1	1	0	0	0	1	1	0	1	1	1	1	1	1	1	1	1	1	0	1	1	0	1	1	0	1	0	0	1	0	0	0	0	0	1	1	1	1	0	1	1	1	0	0	1	1	1	1	1	0	1	1	0	1	0	1	0	0	1	1	0	1	1	0	1	0	1	1	1	1	1	1	1	1	1	1	
384138	1.1046e+06	0	1	0	1	0	1	1	1	0	1	1	1	1	1	1	1	1	0	1	1	0	0	1	1	0	1	1	0	1	1	0	0	0	0	1	1	0	1	1	1	1	1	1	1	1	1	1	0	1	1	0	1	1	0	1	0	0	1	0	0	1	1	0	1	0	1	1	0	1	1	1	0	0	1	1	1	1	1	0	1	1	0	1	0	0	0	0	1	1	0	1	1	0	1	0	1	1	1	1	1	1	1	1	1	1	
383973	1.105e+06	0	1	0	0	0	1	1	1	0	1	1	1	1	1	1	1	1	0	1	1	0	0	1	1	0	1	1	0	1	1	0	0	0	0	1	1	0	1	1	1	0	1	1	1	1	1	1	0	1	1	0	1	1	0	1	0	0	1	0	0	1	1	0	1	1	1	1	0	1	1	1	0	0	1	1	1	1	1	0	1	1	0	1	0	0	0	0	1	1	0	1	1	0	1	0	1	1	1	1	1	1	1	1	1	1	
383217	1.10572e+06	0	1	0	0	0	1	0	1	0	1	1	1	1	1	1	1	1	0	1	1	0	0	1	1	0	1	1	0	1	1	1	0	0	0	1	1	0	1	1	1	1	1	1	1	1	1	1	0	1	1	0	1	1	0	1	0	0	1	0	0	0	1	0	1	1	0	1	0	1	1	1	0	0	1	1	1	1	1	0	1	1	0	1	0	0	0	0	1	1	0	1	1	0	1	0	1	1	1	1	1	1	1	1	1	1	
382294	1.10664e+06	1	1	0	0	0	1	1	1	0	1	1	1	1	1	1	1	1	0	1	1	0	0	1	1	0	1	1	0	1	1	0	0	0	0	1	1	0	1	1	1	1	1	1	1	1	1	1	0	1	1	0	1	1	0	1	0	0	1	0	0	1	0	0	1	1	1	1	0	1	1	1	0	0	1	1	1	1	0	0	1	1	0	1	0	1	0	0	1	1	0	1	1	0	1	0	1	1	1	1	1	1	1	1	1	1	
380383	1.10686e+06	0	1	0	1	0	1	0	1	0	1	1	1	1	1	1	1	1	1	1	1	0	0	1	1	0	1	1	0	1	1	0	0	0	0	1	1	0	1	0	1	1	1	1	1	1	1	1	0	1	1	0	1	1	0	1	0	0	1	0	0	1	0	0	1	1	1	1	0	1	1	1	0	1	1	1	1	1	1	0	1	1	1	1	0	0	0	0	1	1	0	1	1	0	1	0	1	1	1	1	1	1	1	1	1	1	
379218	1.10747e+06	0	1	0	1	0	1	1	1	0	1	1	1	1	1	1	1	1	0	1	1	0	0	1	1	0	1	1	0	1	1	0	0	0	0	1	1	0	1	0	1	0	1	1	1	1	1	1	0	1	1	0	1	1	0	1	0	0	1	0	0	1	0	0	1	1	0	1	0	1	1	1	0	1	1	1	1	1	1	0	1	1	1	1	0	0	0	0	1	1	0	1	1	0	1	0	1	1	1	1	1	1	1	1	1	1	
379084	1.10877e+06	0	1	0	1	0	1	1	1	0	1	1	1	1	1	1	1	1	1	1	1	0	0	0	1	0	1	1	0	1	1	1	0	0	0	1	1	0	1	1	1	1	1	1	1	1	1	1	0	1	1	0	1	1	0	1	0	0	1	0	0	0	0	0	1	1	1	1	0	1	1	1	0	1	1	1	1	1	1	0	1	1	0	1	0	0	0	0	1	1	0	1	1	0	1	0	1	1	1	1	1	1	1	1	1	1	
377066	1.10884e+06	0	1	0	0	0	1	0	1	0	1	1	1	1	1	1	1	1	1	1	1	0	0	1	1	0	1	1	0	1	1	0	0	0	0	1	1	0	1	1	1	0	1	1	1	1	1	1	0	1	1	0	1	1	0	1	0	0	1	0	0	1	1	0	1	1	0	1	0	1	1	1	0	1	1	1	1	1	1	0	1	1	0	1	0	1	0	0	1	1	0	1	1	0	1	0	1	1	1	1	1	1	1	1	1	1	
375953	1.10998e+06	0	1	0	0	0	1	1	1	0	1	1	1	1	1	1	1	1	0	1	1	0	0	1	1	0	1	1	0	1	1	0	0	0	0	1	1	0	1	1	1	1	1	1	1	1	1	1	0	1	1	0	1	1	0	1	0	0	1	0	0	0	1	0	1	1	1	1	0	1	1	1	0	0	1	1	1	1	1	0	1	1	1	1	0	1	0	0	1	1	0	1	1	0	1	0	1	1	1	1	1	1	1	1	1	1	
375013	1.11132e+06	0	1	0	1	0	1	1	1	0	1	1	1	1	1	1	1	1	0	1	1	0	0	0	1	0	1	1	0	1	1	0	0	0	0	1	1	0	1	1	1	0	1	1	1	1	1	1	0	1	1	0	1	1	0	1	0	0	1	0	0	1	0	0	1	1	1	1	0	1	1	1	0	0	1	1	1	1	1	0	1	1	1	1	0	1	0	0	1	1	0	1	1	0	1	0	1	1	1	1	1	1	1	1	1	1	
374708	1.11237e+06	0	1	0	0	0	1	1	1	0	1	1	1	1	1	1	1	1	0	1	1	0	0	0	1	0	1	1	0	1	1	0	0	0	0	1	1	0	1	0	1	1	1	1	1	1	1	1	0	1	1	0	1	1	0	1	0	0	1	0	0	1	0	0	1	1	1	1	0	1	1	1	0	0	1	1	1	1	1	0	1	1	1	1	0	1	0	0	1	1	0	1	1	1	1	0	1	1	1	1	1	1	1	1	1	1	
374460	1.1124e+06	0	1	0	0	0	1	1	1	0	1	1	1	1	1	1	1	1	0	1	1	0	0	0	1	0	1	1	0	1	1	0	0	0	0	1	1	0	1	1	1	1	1	1	1	1	1	1	0	1	1	0	1	1	0	1	0	0	1	0	0	1	0	0	1	1	1	1	0	1	1	1	0	1	1	1	1	1	1	0	1	1	1	1	0	0	0	0	1	1	0	1	1	1	1	0	1	1	1	1	1	1	1	1	1	1	
371923	1.11271e+06	0	1	0	1	0	1	0	1	0	1	1	1	1	1	1	1	1	0	1	1	0	0	0	1	0	1	1	0	1	1	0	0	0	0	1	1	0	1	1	1	1	1	1	1	1	1	1	1	1	1	0	1	1	0	1	0	0	1	0	0	1	0	0	1	1	1	1	0	1	1	1	0	1	1	1	1	1	1	0	1	1	1	1	0	1	0	0	1	1	0	1	1	0	1	0	1	1	1	1	1	1	1	1	1	1	
371803	1.11279e+06	0	1	0	1	0	1	0	1	0	1	1	1	1	1	1	1	1	0	1	1	0	0	0	1	0	1	1	0	1	1	0	0	0	0	1	1	0	1	1	1	1	1	1	1	1	1	1	0	1	1	0	1	1	0	1	0	0	1	0	0	1	0	0	1	1	1	1	0	1	1	1	0	1	1	1	1	1	1	0	1	1	1	1	0	1	1	0	1	1	0	1	1	0	1	0	1	1	1	1	1	1	1	1	1	1	
370223	1.11356e+06	0	1	0	0	0	1	1	1	0	1	1	1	1	1	1	1	1	0	1	1	0	0	0	1	0	1	1	0	1	1	0	0	0	0	1	1	0	1	0	1	1	1	1	1	1	1	1	0	1	1	0	1	1	0	1	0	0	1	0	0	1	0	0	1	1	0	1	0	1	1	1	0	1	1	1	1	1	1	0	1	1	1	1	0	1	0	0	1	1	0	1	1	1	1	0	1	1	1	1	1	1	1	1	1	1	
370045	1.11376e+06	0	1	0	0	0	1	1	1	0	1	1	1	1	1	1	1	1	0	1	1	0	0	0	1	0	1	1	0	1	1	0	0	0	0	1	1	0	1	1	1	1	1	1	1	1	1	1	1	1	1	0	1	1	0	1	0	0	1	0	0	1	0	0	1	1	0	1	0	1	1	1	0	1	1	1	1	1	1	0	1	1	1	1	0	0	0	0	1	1	0	1	1	1	1	0	1	1	1	1	1	1	1	1	1	1	
369925	1.11383e+06	0	1	0	0	0	1	1	1	0	1	1	1	1	1	1	1	1	0	1	1	0	0	0	1	0	1	1	0	1	1	0	0	0	0	1	1	0	1	1	1	1	1	1	1	1	1	1	0	1	1	0	1	1	0	1	0	0	1	0	0	1	0	0	1	1	0	1	0	1	1	1	0	1	1	1	1	1	1	0	1	1	1	1	0	0	1	0	1	1	0	1	1	1	1	0	1	1	1	1	1	1	1	1	1	1	
366852	1.11437e+06	0	1	0	0	0	1	0	1	0	1	1	1	1	1	1	1	1	0	1	1	0	0	0	1	0	1	1	0	1	1	1	0	0	0	1	1	0	1	1	1	1	1	1	1	1	1	1	0	1	1	0	1	1	0	1	0	0	1	0	0	1	1	0	1	1	1	1	0	1	1	1	0	0	1	1	1	1	1	0	1	1	0	1	0	0	0	0	1	1	0	1	1	1	1	0	1	1	1	1	1	1	1	1	1	0	
365502	1.11492e+06	0	1	0	0	0	1	0	1	0	1	1	1	1	1	1	1	1	0	1	1	0	0	1	1	0	1	1	0	1	1	1	0	0	0	1	1	0	1	1	1	1	1	1	1	1	1	1	1	1	1	0	1	1	0	1	0	0	1	0	0	0	1	0	1	1	1	1	0	1	1	1	0	1	1	1	1	1	1	0	1	1	0	1	0	0	0	0	1	1	0	1	1	1	1	0	1	1	1	1	1	1	1	1	1	0	
365382	1.115e+06	0	1	0	0	0	1	0	1	0	1	1	1	1	1	1	1	1	0	1	1	0	0	1	1	0	1	1	0	1	1	1	0	0	0	1	1	0	1	1	1	1	1	1	1	1	1	1	0	1	1	0	1	1	0	1	0	0	1	0	0	0	1	0	1	1	1	1	0	1	1	1	0	1	1	1	1	1	1	0	1	1	0	1	0	0	1	0	1	1	0	1	1	1	1	0	1	1	1	1	1	1	1	1	1	0	
364761	1.11517e+06	0	1	0	0	0	1	1	1	0	1	1	1	1	1	1	1	1	0	1	1	0	0	1	1	0	1	1	0	1	1	0	0	0	0	1	1	0	1	0	1	1	1	1	0	1	1	1	0	1	1	0	1	1	0	1	0	0	1	0	0	1	1	0	1	1	1	1	0	1	1	1	0	0	1	1	1	1	1	0	1	1	1	1	0	1	0	0	1	1	0	1	1	1	1	0	1	1	1	1	1	1	1	1	1	0	
364608	1.11794e+06	0	1	0	1	0	1	1	1	0	1	1	1	1	1	1	1	1	0	1	1	0	0	1	1	0	1	1	0	1	1	0	0	0	0	1	1	0	1	1	1	1	1	1	1	1	1	1	0	1	1	0	1	1	0	1	0	0	1	0	0	1	1	0	1	1	1	1	0	1	1	1	0	1	1	1	1	1	1	0	1	1	1	1	0	0	0	0	1	1	0	1	1	0	1	0	1	1	1	1	1	1	1	1	1	0	
360371	1.1191e+06	0	1	0	1	0	1	1	1	0	1	1	1	1	1	1	1	1	0	1	1	0	0	1	1	0	1	1	0	1	1	0	0	0	0	1	1	0	1	0	1	1	1	1	1	1	1	1	0	1	1	0	1	1	0	1	0	0	1	0	0	1	1	0	1	1	0	1	0	1	1	1	0	1	1	1	1	1	1	0	1	1	1	1	0	1	0	0	1	1	0	1	1	0	1	0	1	1	1	1	1	1	1	1	1	0	
358726	1.11911e+06	0	1	0	0	0	1	1	1	0	1	1	1	1	1	1	1	1	0	1	1	0	0	1	1	0	1	1	0	1	1	0	0	0	0	1	1	0	1	1	1	1	1	1	1	1	1	1	0	1	1	0	1	1	0	1	0	0	1	0	0	1	0	0	1	1	0	1	0	1	1	1	1	0	1	1	1	1	1	0	1	1	1	1	0	1	0	0	1	1	0	1	1	1	1	0	1	1	1	1	1	1	1	1	1	0	
356423	1.11932e+06	0	1	0	0	0	1	1	1	0	1	1	1	1	1	1	1	1	0	1	1	0	0	1	1	0	1	1	0	1	1	0	0	0	0	1	1	0	1	1	1	1	1	1	1	1	1	1	0	1	1	0	1	1	1	1	0	0	1	0	0	0	1	0	1	1	1	1	0	1	1	1	0	1	1	1	1	1	1	0	1	1	1	1	0	1	0	0	1	1	0	1	1	1	1	0	1	1	1	1	1	1	1	1	1	0	
356166	1.12099e+06	1	1	0	1	0	1	1	1	0	1	1	1	1	1	1	1	1	0	1	1	0	0	0	1	0	1	1	0	1	1	0	0	0	0	1	1	0	1	1	1	1	1	1	1	1	1	1	0	1	1	0	1	1	0	1	0	0	1	0	0	1	1	0	1	1	1	1	0	1	1	1	0	0	1	1	1	1	1	0	1	1	1	1	0	1	0	0	1	1	0	1	1	0	1	0	1	1	1	1	1	1	1	1	1	0	
355543	1.1217e+06	0	1	0	0	0	1	1	1	0	1	1	1	1	1	1	1	1	0	1	1	0	0	0	1	0	1	1	0	1	1	0	0	0	0	1	1	0	1	1	1	1	1	1	1	1	1	1	0	1	1	0	1	1	0	1	0	0	1	0	0	1	1	0	1	1	1	1	0	1	1	1	1	1	1	1	1	1	1	0	1	1	1	1	0	1	0	0	1	1	0	1	1	1	1	0	1	1	1	1	1	1	1	1	1	0	
351681	1.12218e+06	1	1	0	1	0	1	1	1	0	1	1	1	1	1	1	1	1	0	1	1	0	0	0	1	0	1	1	0	1	1	0	0	0	0	1	1	0	1	1	1	1	1	1	1	1	1	1	0	1	1	0	1	1	0	1	0	0	1	0	0	1	1	0	1	1	0	1	0	1	1	1	0	1	1	1	1	1	1	0	1	1	1	1	0	1	0	0	1	1	0	1	1	0	1	0	1	1	1	1	1	1	1	1	1	0	
350898	1.12224e+06	0	1	0	0	0	1	1	1	0	1	1	1	1	1	1	1	1	1	1	1	0	0	0	1	0	1	1	0	1	1	0	0	0	0	1	1	0	1	1	1	1	1	1	1	1	1	1	0	1	1	0	1	1	0	1	0	0	1	0	0	1	1	0	1	1	0	1	0	1	1	1	1	1	1	1	1	1	1	0	1	1	1	1	0	1	0	0	1	1	0	1	1	1	1	0	1	1	1	1	1	1	1	1	1	0	
348808	1.12261e+06	0	1	0	0	0	1	1	1	0	1	1	1	1	1	1	1	1	1	1	1	0	0	1	1	1	1	1	0	1	1	0	0	0	0	1	1	0	1	1	1	1	1	1	1	1	1	1	0	1	1	0	1	1	0	1	0	0	1	0	0	0	1	0	1	1	0	1	0	1	1	1	0	1	1	1	1	1	1	0	1	1	1	1	0	1	0	0	1	1	0	1	1	1	1	0	1	1	1	1	1	1	1	1	1	0	
344288	1.12359e+06	0	1	0	1	0	1	0	1	0	1	1	1	1	1	1	1	1	1	1	1	0	0	0	1	1	1	1	0	1	1	0	0	0	0	1	1	0	1	1	1	1	1	1	1	1	1	1	1	1	1	0	1	1	0	1	0	0	1	0	0	1	0	0	1	1	0	1	0	1	1	1	0	1	1	1	1	1	1	0	1	1	1	1	0	1	0	0	1	1	0	1	1	1	1	0	1	1	1	1	1	1	1	1	1	0	
344168	1.12367e+06	0	1	0	1	0	1	0	1	0	1	1	1	1	1	1	1	1	1	1	1	0	0	0	1	1	1	1	0	1	1	0	0	0	0	1	1	0	1	1	1	1	1	1	1	1	1	1	0	1	1	0	1	1	0	1	0	0	1	0	0	1	0	0	1	1	0	1	0	1	1	1	0	1	1	1	1	1	1	0	1	1	1	1	0	1	1	0	1	1	0	1	1	1	1	0	1	1	1	1	1	1	1	1	1	0	
341894	1.12394e+06	1	1	0	1	0	1	1	1	0	1	1	1	1	1	1	1	1	1	1	1	0	0	1	1	0	1	1	0	1	1	0	0	0	0	1	1	0	1	1	1	1	1	1	1	1	1	1	0	1	1	0	1	1	0	1	0	0	1	0	0	1	0	0	1	1	1	1	0	1	1	1	0	1	1	1	1	0	1	0	1	1	1	1	0	1	0	0	1	1	0	1	1	1	1	0	1	1	1	1	1	1	1	1	1	0	
337221	1.12418e+06	0	1	0	1	0	1	1	1	0	1	1	1	1	1	1	1	1	1	1	1	0	0	1	1	1	1	1	0	1	1	0	0	0	0	1	1	0	1	0	1	1	1	1	1	1	1	1	0	1	1	0	1	1	0	1	0	0	1	0	0	1	1	0	1	1	0	1	0	1	1	1	0	0	1	1	1	0	1	0	1	1	1	1	0	1	0	0	1	1	0	1	1	1	1	0	1	1	1	1	1	1	1	1	1	0	
337149	1.12419e+06	1	1	0	1	0	1	1	1	0	1	1	1	1	1	1	1	1	0	1	1	0	0	1	1	0	1	1	0	1	1	0	0	0	0	1	1	0	1	1	1	1	1	1	1	1	1	1	1	1	1	0	1	1	0	1	0	0	1	0	0	1	0	0	1	1	0	1	0	1	1	1	0	1	1	1	1	0	1	0	1	1	1	1	0	1	0	0	1	1	0	1	1	1	1	0	1	1	1	1	1	1	1	1	1	0	
337029	1.12426e+06	1	1	0	1	0	1	1	1	0	1	1	1	1	1	1	1	1	0	1	1	0	0	1	1	0	1	1	0	1	1	0	0	0	0	1	1	0	1	1	1	1	1	1	1	1	1	1	0	1	1	0	1	1	0	1	0	0	1	0	0	1	0	0	1	1	0	1	0	1	1	1	0	1	1	1	1	0	1	0	1	1	1	1	0	1	1	0	1	1	0	1	1	1	1	0	1	1	1	1	1	1	1	1	1	0	
335626	1.12433e+06	0	1	0	1	0	1	1	1	0	1	1	1	1	1	1	1	1	1	1	1	0	0	1	1	1	1	1	0	1	1	0	0	0	0	1	1	0	1	0	1	1	1	1	1	1	1	1	0	1	1	0	1	1	0	1	0	0	1	0	0	1	1	0	1	1	1	1	0	1	1	1	0	1	1	1	1	1	1	0	1	1	1	1	0	1	0	0	1	1	0	1	0	0	1	0	1	1	1	1	1	1	1	1	1	0	
334721	1.12464e+06	0	1	0	0	0	1	1	1	0	1	1	1	1	1	1	1	1	1	1	1	0	0	1	1	0	1	1	0	1	1	0	0	0	0	1	1	0	1	1	1	1	1	1	1	1	1	1	1	1	1	0	1	1	0	1	0	0	1	0	0	1	0	0	1	1	1	1	0	1	1	1	1	1	1	1	1	1	1	0	1	1	1	1	0	1	1	0	1	1	0	1	0	1	1	0	1	1	1	1	1	1	1	1	1	0	
334141	1.12498e+06	0	1	0	0	0	1	1	1	0	1	1	1	1	1	1	1	1	0	1	1	0	0	1	1	1	1	1	0	1	1	0	0	0	0	1	1	0	1	1	1	1	1	1	1	1	1	1	0	1	1	0	1	1	0	1	0	0	1	0	0	1	0	0	1	1	1	1	0	1	1	1	1	1	1	1	1	1	1	0	1	1	1	1	0	1	0	0	1	1	0	1	0	1	1	0	1	1	1	1	1	1	1	1	1	0	
333806	1.12613e+06	1	1	0	1	0	1	1	1	0	1	1	1	1	1	1	1	1	1	1	1	0	0	0	1	0	1	1	0	1	1	0	0	0	0	1	1	0	1	1	1	1	1	1	1	1	1	1	1	1	1	0	1	1	0	1	0	0	1	0	0	1	1	0	1	1	1	1	0	1	1	1	0	1	1	1	1	0	1	0	1	1	1	1	0	1	0	0	1	1	0	1	1	1	1	0	1	1	1	1	1	1	1	1	1	0	
333686	1.12621e+06	1	1	0	1	0	1	1	1	0	1	1	1	1	1	1	1	1	1	1	1	0	0	0	1	0	1	1	0	1	1	0	0	0	0	1	1	0	1	1	1	1	1	1	1	1	1	1	0	1	1	0	1	1	0	1	0	0	1	0	0	1	1	0	1	1	1	1	0	1	1	1	0	1	1	1	1	0	1	0	1	1	1	1	0	1	1	0	1	1	0	1	1	1	1	0	1	1	1	1	1	1	1	1	1	0	
331991	1.12627e+06	1	1	0	1	0	1	1	1	0	1	1	1	1	1	1	1	1	1	1	1	0	0	0	1	0	1	1	0	1	1	0	0	0	0	1	1	0	1	1	1	1	1	1	1	1	1	1	0	1	1	0	1	1	1	1	0	0	1	0	0	1	1	0	1	1	0	1	0	1	1	1	0	1	1	1	1	0	1	0	1	1	1	1	0	1	0	0	1	1	0	1	1	1	1	0	1	1	1	1	1	1	1	1	1	0	
330836	1.12634e+06	1	1	0	1	0	1	1	1	0	1	1	1	1	1	1	1	1	1	1	1	0	0	0	1	1	1	1	0	1	1	0	0	0	0	1	1	0	1	1	1	1	1	1	1	1	1	1	1	1	1	0	1	1	0	1	0	0	1	0	0	1	1	0	1	1	1	1	0	1	1	1	0	1	1	1	1	0	1	0	1	1	0	1	0	1	0	0	1	1	0	1	1	1	1	0	1	1	1	1	1	1	1	1	1	0	
330716	1.12642e+06	1	1	0	1	0	1	1	1	0	1	1	1	1	1	1	1	1	1	1	1	0	0	0	1	1	1	1	0	1	1	0	0	0	0	1	1	0	1	1	1	1	1	1	1	1	1	1	0	1	1	0	1	1	0	1	0	0	1	0	0	1	1	0	1	1	1	1	0	1	1	1	0	1	1	1	1	0	1	0	1	1	0	1	0	1	1	0	1	1	0	1	1	1	1	0	1	1	1	1	1	1	1	1	1	0	
329271	1.12756e+06	1	1	0	1	0	1	1	1	0	1	1	1	1	1	1	1	1	1	1	1	0	0	0	1	0	1	1	0	1	1	0	0	0	0	1	1	0	1	1	1	1	1	1	1	1	1	1	1	1	1	0	1	1	0	1	0	0	1	0	0	1	1	0	1	1	0	1	0	1	1	1	0	1	1	1	1	0	1	0	1	1	1	1	0	1	1	0	1	1	0	1	1	1	1	0	1	1	1	1	1	1	1	1	1	0	
328691	1.12790e+06	1	1	0	1	0	1	1	1	0	1	1	1	1	1	1	1	1	0	1	1	0	0	0	1	1	1	1	0	1	1	0	0	0	0	1	1	0	1	1	1	1	1	1	1	1	1	1	0	1	1	0	1	1	0	1	0	0	1	0	0	1	1	0	1	1	0	1	0	1	1	1	0	1	1	1	1	0	1	0	1	1	1	1	0	1	0	0	1	1	0	1	1	1	1	0	1	1	1	1	1	1	1	1	1	0	
322521	1.12877e+06	1	1	0	1	0	1	1	1	0	1	1	1	1	1	1	1	1	1	1	1	0	0	0	1	1	1	1	0	1	1	0	0	0	0	1	1	0	1	1	1	1	1	1	1	1	1	1	1	1	1	0	1	1	0	1	0	0	1	0	0	1	1	0	1	1	0	1	0	1	1	1	0	1	1	1	1	1	1	0	1	1	1	1	0	1	0	0	1	1	0	1	0	0	1	0	1	1	1	1	1	1	1	1	1	0	
322401	1.12885e+06	1	1	0	1	0	1	1	1	0	1	1	1	1	1	1	1	1	1	1	1	0	0	0	1	1	1	1	0	1	1	0	0	0	0	1	1	0	1	1	1	1	1	1	1	1	1	1	0	1	1	0	1	1	0	1	0	0	1	0	0	1	1	0	1	1	0	1	0	1	1	1	0	1	1	1	1	1	1	0	1	1	1	1	0	1	1	0	1	1	0	1	0	0	1	0	1	1	1	1	1	1	1	1	1	0	
317108	1.12907e+06	1	1	0	1	0	1	1	1	0	1	1	1	1	1	1	1	1	0	1	1	0	0	0	1	0	1	1	0	1	1	1	0	0	0	1	1	0	1	1	1	1	1	1	1	1	1	1	1	1	1	0	1	1	0	1	0	0	1	0	0	1	0	0	1	1	0	1	0	1	1	1	0	1	1	1	1	0	1	0	1	1	1	1	0	1	0	0	1	1	0	1	0	1	1	0	1	1	1	1	1	1	1	1	1	0	
316988	1.12915e+06	1	1	0	1	0	1	1	1	0	1	1	1	1	1	1	1	1	0	1	1	0	0	0	1	0	1	1	0	1	1	1	0	0	0	1	1	0	1	1	1	1	1	1	1	1	1	1	0	1	1	0	1	1	0	1	0	0	1	0	0	1	0	0	1	1	0	1	0	1	1	1	0	1	1	1	1	0	1	0	1	1	1	1	0	1	1	0	1	1	0	1	0	1	1	0	1	1	1	1	1	1	1	1	1	0	
312404	1.12942e+06	1	1	0	1	0	1	1	1	0	1	1	1	1	1	1	1	1	1	1	1	0	0	1	1	1	1	1	0	1	1	0	0	0	0	1	1	0	1	1	1	1	1	1	1	1	1	1	1	1	1	0	1	1	0	1	0	0	1	0	0	1	0	0	1	1	1	1	0	1	1	1	0	1	1	1	1	0	1	0	1	1	1	1	0	1	0	0	1	1	0	1	0	1	1	0	1	1	1	1	1	1	1	1	1	0	
312284	1.1295e+06	1	1	0	1	0	1	1	1	0	1	1	1	1	1	1	1	1	1	1	1	0	0	1	1	1	1	1	0	1	1	0	0	0	0	1	1	0	1	1	1	1	1	1	1	1	1	1	0	1	1	0	1	1	0	1	0	0	1	0	0	1	0	0	1	1	1	1	0	1	1	1	0	1	1	1	1	0	1	0	1	1	1	1	0	1	1	0	1	1	0	1	0	1	1	0	1	1	1	1	1	1	1	1	1	0	
310589	1.12956e+06	1	1	0	1	0	1	1	1	0	1	1	1	1	1	1	1	1	1	1	1	0	0	1	1	1	1	1	0	1	1	0	0	0	0	1	1	0	1	1	1	1	1	1	1	1	1	1	0	1	1	0	1	1	1	1	0	0	1	0	0	1	0	0	1	1	0	1	0	1	1	1	0	1	1	1	1	0	1	0	1	1	1	1	0	1	0	0	1	1	0	1	0	1	1	0	1	1	1	1	1	1	1	1	1	0	
307869	1.13085e+06	1	1	0	1	0	1	1	1	0	1	1	1	1	1	1	1	1	1	1	1	0	0	1	1	1	1	1	0	1	1	0	0	0	0	1	1	0	1	1	1	1	1	1	1	1	1	1	1	1	1	0	1	1	0	1	0	0	1	0	0	1	0	0	1	1	0	1	0	1	1	1	0	1	1	1	1	0	1	0	1	1	1	1	0	1	1	0	1	1	0	1	0	1	1	0	1	1	1	1	1	1	1	1	1	0	
307146	1.13121e+06	1	1	0	1	0	1	1	1	0	1	1	1	1	1	1	1	1	0	1	1	0	0	0	1	1	1	1	0	1	1	0	0	0	0	1	1	0	1	1	1	1	1	1	1	1	1	1	1	1	1	0	1	1	1	1	0	0	1	0	0	1	1	0	1	1	1	1	0	1	1	1	0	1	1	1	1	0	1	0	1	1	1	1	0	1	0	0	1	1	0	1	0	1	1	0	1	1	1	1	1	1	1	1	1	0	
307026	1.13128e+06	1	1	0	1	0	1	1	1	0	1	1	1	1	1	1	1	1	0	1	1	0	0	0	1	1	1	1	0	1	1	0	0	0	0	1	1	0	1	1	1	1	1	1	1	1	1	1	0	1	1	0	1	1	1	1	0	0	1	0	0	1	1	0	1	1	1	1	0	1	1	1	0	1	1	1	1	0	1	0	1	1	1	1	0	1	1	0	1	1	0	1	0	1	1	0	1	1	1	1	1	1	1	1	1	0	
304196	1.13169e+06	1	1	0	1	0	1	1	1	0	1	1	1	1	1	1	1	1	1	1	1	0	0	0	1	1	1	1	0	1	1	0	0	0	0	1	1	0	1	1	1	1	1	1	1	1	1	1	1	1	1	0	1	1	0	1	0	0	1	0	0	1	1	0	1	1	1	1	0	1	1	1	0	1	1	1	1	0	1	0	1	1	1	1	0	1	1	0	1	1	0	1	0	1	1	0	1	1	1	1	1	1	1	1	1	0	
302501	1.13176e+06	1	1	0	1	0	1	1	1	0	1	1	1	1	1	1	1	1	1	1	1	0	0	0	1	1	1	1	0	1	1	0	0	0	0	1	1	0	1	1	1	1	1	1	1	1	1	1	1	1	1	0	1	1	1	1	0	0	1	0	0	1	1	0	1	1	0	1	0	1	1	1	0	1	1	1	1	0	1	0	1	1	1	1	0	1	0	0	1	1	0	1	0	1	1	0	1	1	1	1	1	1	1	1	1	0	
302381	1.13183e+06	1	1	0	1	0	1	1	1	0	1	1	1	1	1	1	1	1	1	1	1	0	0	0	1	1	1	1	0	1	1	0	0	0	0	1	1	0	1	1	1	1	1	1	1	1	1	1	0	1	1	0	1	1	1	1	0	0	1	0	0	1	1	0	1	1	0	1	0	1	1	1	0	1	1	1	1	0	1	0	1	1	1	1	0	1	1	0	1	1	0	1	0	1	1	0	1	1	1	1	1	1	1	1	1	0	
292363	1.13204e+06	1	1	0	1	0	1	1	1	0	1	1	1	1	1	1	1	1	1	1	1	0	0	0	1	1	1	1	0	1	1	1	0	0	0	1	0	0	1	1	1	1	1	1	1	1	1	1	1	1	1	0	1	1	0	1	0	0	1	0	0	1	0	0	1	1	1	1	0	1	1	1	0	1	1	1	1	0	1	0	1	1	1	1	0	1	0	0	1	1	0	1	0	1	1	0	1	1	1	1	1	1	1	1	1	0	
292243	1.13212e+06	1	1	0	1	0	1	1	1	0	1	1	1	1	1	1	1	1	1	1	1	0	0	0	1	1	1	1	0	1	1	1	0	0	0	1	0	0	1	1	1	1	1	1	1	1	1	1	0	1	1	0	1	1	0	1	0	0	1	0	0	1	0	0	1	1	1	1	0	1	1	1	0	1	1	1	1	0	1	0	1	1	1	1	0	1	1	0	1	1	0	1	0	1	1	0	1	1	1	1	1	1	1	1	1	0	
290548	1.13218e+06	1	1	0	1	0	1	1	1	0	1	1	1	1	1	1	1	1	1	1	1	0	0	0	1	1	1	1	0	1	1	1	0	0	0	1	0	0	1	1	1	1	1	1	1	1	1	1	0	1	1	0	1	1	1	1	0	0	1	0	0	1	0	0	1	1	0	1	0	1	1	1	0	1	1	1	1	0	1	0	1	1	1	1	0	1	0	0	1	1	0	1	0	1	1	0	1	1	1	1	1	1	1	1	1	0	
287828	1.13347e+06	1	1	0	1	0	1	1	1	0	1	1	1	1	1	1	1	1	1	1	1	0	0	0	1	1	1	1	0	1	1	1	0	0	0	1	0	0	1	1	1	1	1	1	1	1	1	1	1	1	1	0	1	1	0	1	0	0	1	0	0	1	0	0	1	1	0	1	0	1	1	1	0	1	1	1	1	0	1	0	1	1	1	1	0	1	1	0	1	1	0	1	0	1	1	0	1	1	1	1	1	1	1	1	1	0	
