277
150
5713	4967	1	1	1	1	0	1	0	1	1	1	0	1	0	0	0	0	1	0	1	1	1	1	1	1	1	1	0	0	1	1	0	1	1	1	1	0	0	1	1	1	0	1	0	1	1	1	0	1	1	0	1	0	0	1	1	0	0	0	0	0	1	0	0	1	0	1	0	0	1	0	1	0	1	1	0	1	1	1	0	1	0	1	1	1	1	0	1	0	0	0	0	0	1	0	1	1	0	0	0	1	1	1	0	0	1	0	1	1	0	1	1	1	1	1	1	1	0	0	0	1	0	1	0	0	0	1	1	1	1	1	0	0	0	1	1	1	1	0	0	0	1	1	1	0	1	1	0	1	0	0	
5711	4990	1	1	1	1	1	0	0	1	1	1	0	1	0	0	0	0	1	0	1	1	1	1	1	1	0	1	0	0	1	1	0	1	1	1	1	0	0	1	1	1	0	1	0	1	1	1	0	1	1	0	1	0	0	1	1	0	0	0	0	0	1	0	0	1	0	1	0	0	1	0	1	0	1	1	0	1	1	1	0	1	0	1	1	1	1	0	1	0	0	0	0	0	1	0	1	1	0	0	0	1	1	1	0	0	1	0	1	1	0	1	1	1	1	1	1	1	0	0	0	1	0	1	1	0	0	1	1	1	1	1	0	0	0	1	1	1	1	1	0	0	1	1	1	0	1	1	0	1	0	0	
5706	5018	1	1	1	1	0	1	0	1	1	1	0	1	0	0	0	0	1	0	1	1	1	1	1	1	0	1	0	0	1	1	0	1	1	1	1	0	0	1	1	1	0	1	0	1	1	1	0	1	1	0	1	0	0	1	1	0	0	0	0	0	1	0	0	1	0	1	0	0	1	0	1	0	1	1	0	1	1	1	0	1	0	1	1	1	1	0	1	0	0	0	1	0	1	0	1	1	0	0	0	1	1	1	0	0	1	0	1	1	0	1	1	1	1	1	1	1	0	0	0	1	0	1	0	0	0	1	1	1	1	1	0	0	0	1	1	1	1	1	0	0	1	1	1	0	1	1	0	1	0	0	
5705	5037	1	1	1	1	1	0	0	1	1	1	0	1	0	0	0	0	1	0	1	1	1	1	1	1	0	1	0	0	1	1	0	1	1	1	1	0	0	1	1	1	0	1	0	1	1	1	0	1	1	0	1	0	0	1	1	0	0	0	0	0	1	0	0	1	0	1	0	0	1	0	1	0	1	1	0	1	1	1	0	1	0	1	1	1	1	0	1	0	0	0	1	0	1	0	1	1	0	0	0	1	1	1	0	0	1	0	1	1	0	1	1	1	1	1	1	1	0	0	0	1	0	1	0	0	0	1	1	1	1	1	0	0	0	1	1	1	1	1	1	0	1	1	1	0	1	1	0	1	0	0	
5704	5071	1	1	1	1	0	0	0	1	1	1	0	1	0	0	0	0	1	0	1	1	1	1	1	1	1	1	0	0	1	1	0	1	1	1	1	0	0	1	1	1	0	1	0	1	1	1	0	1	1	0	1	0	0	1	1	0	0	0	0	0	1	0	0	1	0	1	0	0	1	1	1	0	1	1	0	1	1	1	0	1	0	1	1	1	1	0	1	0	0	0	0	0	1	0	1	1	0	0	0	1	1	1	0	0	1	0	1	1	0	1	1	1	1	1	1	1	0	0	0	1	0	1	0	0	0	1	1	1	1	1	0	0	0	1	1	1	1	1	0	0	1	1	1	0	1	1	0	1	0	0	
5699	5098	1	1	1	1	0	1	1	1	1	1	0	1	1	0	0	0	1	0	1	1	1	1	1	1	0	1	0	0	1	1	0	1	1	1	1	0	0	1	1	1	0	1	0	1	1	1	0	1	1	0	1	0	0	1	1	0	0	0	0	0	1	0	0	1	0	1	0	0	1	0	1	0	1	1	0	1	0	1	0	1	0	1	1	1	1	0	1	0	0	0	0	0	1	0	1	1	0	0	0	1	1	1	0	0	1	0	1	1	0	1	1	1	1	1	1	1	0	0	0	1	0	1	0	0	0	1	1	1	1	1	0	0	0	1	1	1	1	0	0	0	1	1	1	0	1	1	0	1	0	0	
5697	5122	1	1	1	1	1	0	1	1	1	1	0	1	0	0	0	0	1	0	1	1	1	0	1	1	0	1	0	0	1	1	0	1	1	1	1	0	0	1	1	1	0	1	0	1	1	1	0	1	1	0	1	0	0	1	1	0	0	0	0	0	1	0	0	1	0	1	0	0	1	1	1	0	1	1	0	1	1	1	0	1	0	1	1	1	1	0	1	0	0	0	1	0	1	0	1	1	0	0	0	1	1	1	0	0	1	0	1	1	0	1	1	1	1	1	1	1	0	0	0	1	0	1	0	0	0	1	1	1	1	1	0	0	0	1	1	1	1	1	0	0	1	1	1	0	1	1	0	1	0	0	
5695	5145	1	1	1	1	1	0	1	1	1	1	0	1	1	0	0	0	1	0	1	1	1	1	1	1	1	1	0	0	1	1	0	1	1	1	1	0	0	1	1	1	0	1	0	1	1	1	0	1	1	0	1	0	0	1	1	0	0	0	0	0	1	0	0	1	0	1	0	0	1	0	1	0	1	1	0	1	0	1	0	1	0	1	1	1	1	0	1	0	0	0	0	0	1	0	1	1	0	0	0	1	1	1	0	0	0	0	1	1	0	1	1	1	1	1	1	1	0	0	0	1	0	1	0	0	0	1	1	1	1	1	0	0	0	1	1	1	1	1	0	0	1	1	1	0	1	1	0	1	0	0	
5691	5172	1	1	1	1	0	1	1	1	1	1	0	1	1	0	0	0	1	0	1	1	1	1	1	1	0	1	0	0	1	1	0	1	1	1	1	0	0	1	1	1	0	1	0	1	1	1	0	1	1	0	1	0	0	1	1	0	1	0	0	0	1	0	0	1	0	1	0	0	1	0	1	0	1	1	0	1	0	1	0	1	0	1	1	1	1	0	1	0	0	0	0	0	1	0	1	1	0	0	0	1	1	1	0	0	0	0	1	1	0	1	1	1	1	1	1	1	0	0	0	1	0	1	0	0	0	1	1	1	1	1	0	0	0	1	1	1	1	0	0	0	1	1	1	0	1	1	0	1	0	0	
5688	5173	1	1	1	1	1	1	1	1	1	1	0	1	1	0	0	0	1	0	1	1	0	1	1	1	0	1	0	0	1	1	0	1	1	1	1	0	0	1	1	1	0	1	0	1	1	1	0	1	1	0	1	0	0	1	1	0	0	0	0	0	1	0	0	1	0	1	0	0	1	1	1	0	1	1	0	1	0	1	0	1	0	1	1	1	1	0	1	0	0	0	1	0	1	0	1	1	0	0	0	1	1	1	0	0	0	0	1	1	0	1	1	1	1	1	1	1	0	0	0	1	0	1	0	0	0	1	1	1	1	1	0	0	0	1	1	1	1	0	0	0	1	1	1	0	1	1	0	1	0	0	
5687	5174	1	1	1	1	1	0	0	1	1	1	0	1	1	0	0	0	1	0	1	1	1	1	1	1	0	1	0	0	1	1	0	1	1	1	1	0	0	1	1	1	0	1	0	1	1	1	0	1	1	0	1	0	0	1	1	0	0	0	0	0	1	0	0	1	0	1	0	0	1	1	1	0	1	1	0	1	0	1	0	1	0	1	1	1	1	0	1	0	0	0	0	0	1	0	1	1	0	0	0	1	1	1	0	0	0	0	1	1	0	1	1	1	1	1	1	1	0	0	0	1	0	1	0	0	0	1	1	1	1	1	0	0	0	1	1	1	1	1	0	0	1	1	1	0	1	1	1	1	0	0	
5684	5208	1	1	1	1	0	1	1	1	1	1	0	1	0	0	0	0	1	0	1	1	1	0	1	1	1	1	0	0	1	1	0	1	1	1	1	0	0	1	1	1	0	1	0	1	1	1	0	1	1	0	1	0	0	1	1	0	1	0	0	0	1	0	0	1	0	1	0	0	1	1	1	0	1	1	0	1	1	1	0	1	0	1	1	1	1	0	1	0	0	0	1	0	1	0	1	1	0	0	0	1	1	1	0	0	0	0	1	1	0	1	1	1	1	1	1	1	0	0	0	1	0	1	0	0	0	1	1	1	1	1	0	0	0	1	1	1	0	1	0	0	1	1	1	0	1	1	0	1	0	0	
5682	5229	1	1	1	1	0	0	1	1	1	1	0	1	1	0	0	0	1	0	1	1	1	1	1	1	0	1	0	0	1	1	0	1	1	1	1	0	0	1	1	1	0	1	0	1	1	1	0	1	1	0	1	0	0	1	1	0	0	0	0	0	1	0	0	1	0	1	0	0	1	1	1	0	1	1	0	1	1	1	0	1	0	1	1	1	1	0	1	0	0	0	1	0	1	0	1	1	0	0	0	1	1	1	0	0	1	0	1	1	0	1	1	1	1	1	1	1	0	0	0	1	0	1	0	0	0	1	1	1	1	1	0	0	0	1	1	1	0	1	0	0	1	1	1	0	1	1	0	1	0	0	
5677	5254	1	1	1	1	1	0	1	1	1	1	1	1	1	0	0	0	1	0	1	1	1	1	1	1	1	1	0	0	1	1	0	1	1	1	1	0	0	1	1	1	0	1	0	1	1	1	0	1	1	0	1	0	0	1	1	0	0	0	0	0	1	0	0	1	0	1	0	0	1	0	1	0	1	1	0	1	0	1	0	1	0	1	1	1	1	0	1	0	0	0	1	0	1	0	1	1	0	0	0	1	1	1	0	0	0	0	1	1	0	1	1	1	1	1	1	1	0	0	0	1	0	1	0	0	0	1	1	1	1	1	0	0	0	1	1	1	0	1	0	0	1	1	1	0	1	1	0	1	0	0	
5672	5258	1	1	1	1	0	0	1	1	1	1	1	1	1	0	0	0	1	0	1	1	1	1	1	1	1	1	0	0	1	1	0	1	1	1	1	0	0	1	1	1	0	1	0	1	1	1	0	1	1	0	1	0	0	1	1	0	0	0	0	0	1	0	0	1	0	1	0	0	1	1	1	0	1	1	0	1	1	1	0	1	0	1	1	1	1	0	1	0	0	0	0	0	1	0	1	1	0	0	0	1	1	1	0	0	0	0	1	1	0	1	1	1	1	1	1	1	0	0	0	1	0	1	0	0	0	1	1	1	1	1	0	0	0	1	1	1	0	0	0	0	1	1	1	0	1	1	0	1	0	0	
5671	5271	1	1	1	1	0	0	1	1	1	1	0	1	1	0	0	0	1	0	1	1	1	0	1	1	1	1	0	0	1	1	0	1	1	1	0	0	0	1	1	1	0	1	0	1	1	1	0	1	1	0	1	0	0	1	1	0	1	0	0	0	1	0	0	1	0	1	0	0	1	1	1	0	1	1	0	1	1	1	0	1	0	1	1	1	1	0	1	0	0	0	1	0	1	0	1	1	0	0	0	1	1	1	0	0	0	0	1	1	0	1	1	1	1	1	1	1	0	0	0	1	0	1	0	0	0	1	1	1	1	1	0	0	0	1	1	1	1	1	0	0	1	1	1	0	1	1	0	1	0	0	
5670	5276	1	1	1	1	1	0	1	1	1	1	1	1	1	0	0	0	1	0	1	1	1	0	1	1	0	1	0	0	1	1	0	1	1	1	1	0	0	1	1	1	0	1	0	1	1	1	0	1	1	0	1	0	0	1	1	0	0	0	0	0	1	0	0	1	0	1	0	0	1	1	1	0	1	1	0	1	0	1	0	1	0	1	1	1	1	0	1	0	0	0	1	0	1	0	1	1	0	0	0	1	1	1	0	0	0	0	1	1	0	1	1	1	1	1	1	1	0	0	0	1	0	1	0	0	0	1	1	1	1	1	0	0	0	1	1	1	1	1	0	0	1	1	1	0	1	1	0	1	0	0	
5666	5282	1	1	1	1	0	0	1	1	1	1	0	1	0	0	0	0	1	0	1	1	1	1	1	1	0	1	0	0	1	1	0	1	1	1	1	0	0	1	1	1	1	1	0	1	1	1	0	1	1	0	1	0	0	1	1	0	1	0	0	0	1	0	0	1	0	1	0	0	1	1	1	0	1	1	0	1	0	1	0	1	0	1	1	1	1	0	1	0	0	0	1	0	1	0	1	1	0	0	0	1	1	1	0	0	0	0	1	1	0	1	1	1	1	1	1	1	0	0	0	1	0	1	0	0	0	1	1	1	1	1	0	0	0	1	1	1	0	1	0	0	1	1	1	0	1	1	0	1	0	0	
5665	5309	1	1	1	1	0	0	1	1	1	1	1	1	1	0	0	0	1	0	1	1	1	1	1	1	0	1	0	0	1	1	0	1	1	1	1	0	0	1	1	1	0	1	0	1	1	1	0	1	1	0	1	0	0	1	1	0	0	0	0	0	1	0	0	1	0	1	0	0	1	1	1	0	1	1	0	1	1	1	0	1	0	1	1	1	1	0	1	0	0	0	1	0	1	0	1	1	0	0	0	1	1	1	0	0	0	0	1	1	0	1	1	1	1	1	1	1	0	0	0	1	0	1	0	0	0	1	1	1	1	1	0	0	0	1	1	1	0	1	0	0	1	1	1	0	1	1	0	1	0	0	
5664	5310	1	1	1	1	1	0	1	1	1	1	1	1	1	0	0	0	1	0	1	1	1	0	1	1	0	1	0	0	1	1	0	1	1	1	1	0	0	1	1	1	0	1	0	1	1	1	1	1	1	0	1	0	0	1	1	0	0	0	0	0	1	0	0	1	0	1	0	0	1	1	1	0	1	1	0	1	0	1	0	1	0	1	1	1	1	0	1	0	0	0	1	0	1	0	1	1	0	0	0	1	1	1	0	0	0	0	1	1	0	1	1	1	1	1	1	1	0	0	0	1	0	1	0	0	0	1	1	1	1	1	0	0	0	1	1	1	0	1	0	0	1	1	1	0	1	1	0	1	0	0	
5662	5318	1	1	1	1	1	0	1	1	1	1	1	1	1	0	0	0	1	0	1	1	1	1	1	1	1	1	0	0	1	1	0	0	1	1	1	0	0	1	1	1	0	1	0	1	1	1	0	1	1	0	1	0	0	1	1	0	0	0	0	0	1	0	0	1	0	1	0	0	1	1	1	0	1	1	0	1	0	1	0	1	0	1	1	1	1	0	1	0	0	0	1	0	1	0	1	1	0	0	0	1	1	1	0	0	0	0	1	1	0	1	1	1	1	1	1	1	0	0	0	1	0	1	0	0	0	1	1	1	1	1	0	0	0	1	1	1	0	1	0	0	1	1	1	0	1	1	0	1	0	0	
5660	5338	1	1	1	1	0	1	1	1	1	1	1	1	1	0	0	0	1	0	1	1	1	0	1	1	0	1	0	0	1	1	0	1	1	1	1	0	0	1	1	1	0	1	0	1	1	1	0	1	1	0	1	0	0	1	1	0	1	0	0	0	1	0	0	1	0	1	0	0	1	1	1	0	1	1	0	1	0	1	0	1	0	1	1	1	1	0	1	0	0	0	1	0	1	0	1	1	0	0	0	1	1	1	0	0	0	0	1	1	0	1	1	1	1	1	1	1	0	0	0	1	0	1	0	0	0	1	1	1	1	1	0	0	0	1	1	1	0	1	0	0	1	1	1	0	1	1	0	1	0	0	
5658	5339	1	1	1	1	0	0	1	1	1	1	1	1	1	0	0	0	1	0	1	1	1	0	1	1	0	1	0	0	1	1	0	1	1	1	1	0	0	1	1	1	0	1	0	1	1	1	0	1	1	0	1	0	0	1	1	0	1	0	0	0	1	0	0	1	0	1	0	0	1	1	1	0	1	1	0	1	1	1	0	1	0	1	1	1	1	0	1	0	0	0	1	0	1	0	1	1	0	0	0	1	1	1	0	0	0	0	0	1	0	1	1	1	1	1	1	1	0	0	0	1	0	1	0	0	0	1	1	1	1	1	0	0	0	1	1	1	1	1	0	0	1	1	1	0	1	1	0	1	0	0	
5654	5343	1	1	1	1	0	0	1	1	1	1	1	1	1	0	0	0	1	0	1	1	1	0	1	1	1	1	0	0	1	1	0	1	1	1	1	0	0	1	1	1	1	1	0	1	1	1	0	1	1	0	1	0	0	1	1	0	0	0	0	0	1	0	0	1	0	1	0	0	1	1	1	0	1	1	0	1	0	1	0	1	0	1	1	1	1	0	1	0	0	0	1	0	1	0	1	1	0	0	0	1	1	1	0	0	0	0	1	1	0	1	1	1	1	1	1	1	0	0	0	1	0	1	0	0	0	1	1	1	1	1	0	0	0	1	1	1	0	1	0	0	1	1	1	0	1	1	0	1	0	0	
5653	5348	1	1	1	1	0	0	1	1	1	1	1	1	1	0	0	0	1	0	1	1	1	1	1	1	1	1	0	0	1	1	0	1	1	1	0	0	0	1	1	1	0	1	0	1	1	1	0	1	1	0	1	0	0	1	1	0	1	0	0	0	1	0	0	1	0	1	0	0	1	1	1	0	1	1	0	1	0	1	0	1	0	1	1	1	1	0	1	0	0	0	1	0	1	0	1	1	0	0	0	1	1	1	0	0	0	0	1	1	0	1	1	1	1	1	1	1	0	0	0	1	0	1	0	0	0	1	1	1	1	1	0	0	0	1	1	1	0	0	0	0	1	1	1	0	1	1	0	1	0	0	
5651	5361	1	1	1	1	0	0	1	1	1	1	1	1	1	0	0	0	1	0	1	1	1	0	1	1	0	1	0	0	1	1	0	1	1	1	0	0	0	1	1	1	0	1	0	1	1	1	1	1	1	0	1	0	0	1	1	0	1	0	0	0	1	0	0	1	0	1	0	0	1	1	1	0	1	1	0	1	1	1	0	1	0	1	1	1	1	0	1	0	0	0	1	0	1	0	1	1	0	0	0	1	1	1	0	0	0	0	1	1	0	1	1	1	1	1	1	1	0	0	0	1	0	1	0	0	0	1	1	1	1	1	0	0	0	1	1	1	0	1	0	0	1	1	1	0	1	1	0	1	0	0	
5649	5369	1	1	1	1	0	0	1	1	1	1	1	1	1	0	0	0	1	0	1	1	1	1	1	1	1	1	0	0	1	1	0	0	1	1	0	0	0	1	1	1	0	1	0	1	1	1	0	1	1	0	1	0	0	1	1	0	1	0	0	0	1	0	0	1	0	1	0	0	1	1	1	0	1	1	0	1	1	1	0	1	0	1	1	1	1	0	1	0	0	0	1	0	1	0	1	1	0	0	0	1	1	1	0	0	0	0	1	1	0	1	1	1	1	1	1	1	0	0	0	1	0	1	0	0	0	1	1	1	1	1	0	0	0	1	1	1	0	1	0	0	1	1	1	0	1	1	0	1	0	0	
5645	5389	1	1	1	1	0	0	1	1	1	1	1	1	1	0	0	0	1	0	1	1	1	1	1	1	0	1	0	0	1	1	0	1	1	1	1	0	0	1	1	1	0	1	0	1	1	1	0	1	1	0	1	0	0	1	1	0	1	0	0	0	1	0	0	1	0	1	0	0	1	1	1	0	1	1	0	1	0	1	0	1	0	1	1	1	1	0	1	0	0	0	1	0	1	0	1	1	0	0	0	1	1	1	0	0	0	0	0	1	0	1	1	1	1	1	1	1	0	0	0	1	0	1	0	0	0	1	1	1	1	1	0	0	0	1	1	1	0	1	1	0	1	1	1	0	1	1	0	1	0	0	
5639	5414	1	1	1	1	0	0	1	1	1	1	1	1	1	0	0	0	1	0	1	1	1	0	1	1	0	1	0	0	1	1	0	1	1	1	0	0	0	1	1	1	0	1	0	1	1	1	1	1	1	0	1	0	0	1	1	0	1	0	0	0	1	0	0	1	0	1	0	0	1	1	1	0	1	1	0	1	0	1	0	1	0	1	1	1	1	0	1	1	0	0	1	0	1	0	1	1	0	0	0	1	1	1	0	0	0	0	1	1	0	1	1	1	1	1	1	1	0	0	0	1	0	1	0	0	0	1	1	1	1	1	0	0	0	1	1	1	0	1	0	0	1	1	1	0	1	1	0	1	0	0	
5630	5427	1	1	1	1	0	0	1	1	1	1	1	1	1	0	0	0	1	0	1	1	0	1	1	1	0	1	0	0	1	1	0	1	1	1	1	0	1	1	1	1	0	1	0	1	1	1	0	1	1	0	1	0	0	1	1	1	1	0	0	0	1	0	0	1	0	1	0	0	1	1	1	0	1	1	0	1	0	1	0	1	0	1	1	1	1	0	1	0	0	0	0	0	1	0	1	1	0	0	0	1	1	1	0	0	0	0	1	1	0	1	1	1	1	1	1	1	0	0	0	1	0	1	0	0	0	1	1	1	1	1	0	0	0	1	1	1	0	1	0	0	1	1	1	0	1	1	0	1	0	0	
5625	5438	1	1	1	1	0	0	1	1	1	1	1	1	1	0	0	0	1	0	1	1	1	1	1	1	0	1	0	0	1	1	0	1	1	1	1	0	1	1	1	1	0	1	0	1	1	1	0	1	0	0	1	0	0	1	1	0	1	0	0	0	1	0	0	1	0	1	0	0	1	1	1	0	1	1	0	1	0	1	0	1	0	1	1	1	1	0	1	0	0	0	1	0	1	0	1	1	0	0	0	1	1	1	0	0	0	0	1	1	0	1	1	1	1	1	1	1	0	0	0	1	0	1	0	0	0	1	1	1	1	1	0	0	0	1	1	1	0	1	0	0	1	1	1	0	1	1	0	1	0	0	
5623	5457	1	1	1	1	0	0	1	1	1	1	1	1	1	0	0	0	1	0	1	1	1	0	1	1	0	1	0	0	1	1	0	1	1	1	1	0	0	1	1	1	0	1	0	1	1	1	1	1	1	0	1	0	0	1	0	1	1	0	0	0	1	0	0	1	0	1	0	0	1	1	1	0	1	1	0	1	0	1	0	1	0	1	1	1	1	0	1	0	0	0	1	0	1	0	1	1	0	0	0	1	1	1	0	0	0	0	1	1	0	1	1	1	1	1	1	1	0	0	0	1	0	1	0	0	0	1	1	1	1	1	0	0	0	1	1	1	0	1	0	0	1	1	1	0	1	1	0	1	0	0	
5616	5460	1	1	1	1	0	0	1	1	1	1	1	1	1	0	0	0	1	0	1	1	1	0	1	1	0	1	0	0	1	1	0	1	1	1	0	0	0	1	1	1	1	1	0	1	1	1	1	1	1	0	1	0	0	1	1	1	1	0	0	0	0	0	0	1	0	1	0	0	1	1	1	0	1	1	0	1	0	1	0	1	0	1	1	1	1	0	1	0	0	0	1	0	1	0	1	1	0	0	0	1	1	1	0	0	0	0	1	1	0	1	1	1	1	1	1	1	0	0	0	1	0	1	0	0	0	1	1	1	1	1	0	0	0	1	1	1	0	1	0	0	1	1	1	0	1	1	0	1	0	0	
5611	5467	1	1	1	1	0	0	1	1	1	1	1	1	1	0	0	0	1	0	1	1	0	0	1	1	0	1	0	0	1	1	0	1	1	1	1	0	1	1	1	1	0	1	0	1	1	1	0	1	1	0	1	0	0	1	1	0	1	0	0	0	1	0	0	1	0	1	0	0	1	1	1	0	1	1	0	1	0	1	0	1	0	1	1	1	1	0	1	1	0	0	1	0	1	0	1	1	0	0	0	1	1	1	0	0	0	0	1	1	0	1	1	1	1	1	1	1	0	0	0	1	0	1	0	0	0	1	1	1	1	1	0	1	0	1	1	1	0	1	0	0	1	1	1	0	1	1	0	1	0	0	
5609	5479	1	1	1	1	0	0	1	1	1	1	1	1	1	0	0	0	1	0	1	1	1	0	1	1	0	1	0	0	1	1	0	0	1	1	1	0	1	1	1	1	0	1	0	1	1	1	0	1	1	0	1	0	0	1	1	1	1	0	0	0	1	0	0	1	0	1	0	0	1	1	1	0	1	1	0	1	0	1	0	1	0	1	1	1	1	0	1	0	0	0	0	0	1	0	1	1	0	0	0	1	1	1	0	0	0	0	1	1	0	1	1	1	1	1	1	1	0	0	0	1	0	1	0	0	0	1	1	1	1	1	0	1	0	1	1	1	0	1	0	0	1	1	1	0	1	1	0	1	0	0	
5608	5481	1	1	1	1	0	0	1	1	1	1	0	1	1	0	0	0	1	0	1	1	1	1	1	1	0	1	0	0	1	1	0	0	1	1	1	0	0	1	1	1	0	1	0	1	1	1	0	1	1	0	1	0	0	1	0	1	1	0	0	0	1	0	0	1	0	1	0	0	1	1	1	0	1	1	0	1	0	1	0	1	0	1	1	1	1	0	1	1	0	0	1	0	1	0	1	1	0	0	0	1	1	1	0	0	0	0	1	1	0	1	1	1	1	1	1	1	0	0	0	1	0	1	0	0	0	1	1	1	1	1	0	1	0	1	1	1	0	1	0	0	1	1	1	0	1	1	0	1	0	0	
5606	5487	1	1	1	1	0	0	1	1	1	1	1	1	1	0	0	0	1	0	1	1	0	1	1	1	0	1	0	0	1	1	0	1	1	1	0	0	0	1	1	1	0	1	0	1	1	1	1	1	1	0	1	0	0	1	0	1	1	0	0	0	1	0	0	1	0	1	0	0	1	1	1	0	1	1	0	1	0	1	0	1	0	1	1	1	1	0	1	1	0	0	1	0	1	0	1	1	0	0	0	1	1	1	0	0	0	0	1	1	0	1	1	1	1	1	1	1	0	0	0	1	0	1	0	0	0	1	1	1	1	1	0	0	0	1	1	1	0	1	0	0	1	1	1	0	1	1	0	1	0	0	
5605	5492	1	1	1	1	0	0	1	1	1	1	1	1	1	0	0	0	1	0	1	1	1	1	1	1	0	1	0	0	1	1	0	0	1	1	1	0	0	1	1	1	0	1	0	1	1	1	0	1	1	0	1	0	0	1	0	1	1	0	0	0	1	0	0	1	0	1	0	0	1	1	1	0	1	1	0	1	0	1	0	1	0	1	1	1	1	0	1	1	0	0	1	0	1	0	1	1	0	0	0	1	1	1	0	0	0	0	1	1	0	1	1	1	1	1	1	1	0	0	0	1	0	1	0	0	0	1	1	1	1	1	0	0	0	1	1	1	0	1	0	0	1	1	1	0	1	1	0	1	0	0	
5601	5494	1	1	1	1	0	0	1	1	1	1	1	1	1	0	0	0	1	0	1	1	0	0	1	1	0	1	0	0	1	1	0	1	1	1	1	0	1	1	1	1	0	1	0	1	1	1	1	1	1	0	1	0	0	1	0	1	1	0	0	0	1	0	0	1	0	1	0	0	1	1	1	0	1	1	0	1	0	1	0	1	0	1	1	1	1	0	1	0	0	0	1	0	1	0	1	1	0	0	0	1	1	1	0	0	0	0	1	1	0	1	1	1	1	1	1	1	0	0	0	1	0	1	0	0	0	1	1	1	1	1	0	0	0	1	1	1	0	1	1	0	1	1	1	0	1	1	0	1	0	0	
5599	5495	1	1	1	1	0	0	1	1	1	1	1	1	1	0	0	0	1	0	1	1	1	1	1	1	0	1	0	0	1	1	0	1	1	1	1	0	0	1	1	1	0	1	0	1	1	1	0	1	1	0	1	0	0	1	0	1	1	0	0	0	1	0	0	1	0	1	0	0	1	1	1	0	1	1	0	1	0	1	0	1	0	1	1	1	1	0	1	0	0	0	1	0	1	0	1	1	0	0	0	1	1	1	0	0	0	0	0	1	0	1	1	1	1	0	1	1	0	0	0	1	0	1	0	0	0	1	1	1	1	1	0	1	0	1	1	1	0	1	0	0	1	1	1	0	1	1	0	1	0	0	
5598	5498	1	1	1	1	0	0	1	1	1	1	1	1	1	0	0	0	1	0	1	1	1	0	1	1	0	1	0	0	1	1	0	1	1	1	1	0	1	1	1	1	0	1	0	1	1	1	1	1	1	0	1	0	0	1	0	1	1	0	0	0	1	0	0	1	0	1	0	0	1	1	1	0	1	1	0	1	0	1	0	1	0	1	1	1	1	0	1	0	0	0	1	0	1	0	1	1	0	0	0	1	1	1	0	0	0	0	1	1	0	1	1	1	1	1	1	1	0	0	0	1	0	1	0	0	0	1	1	1	1	1	0	0	0	1	1	1	0	1	0	0	1	1	1	0	1	1	0	0	0	0	
5597	5513	1	1	1	1	0	0	1	1	1	1	1	1	1	0	0	0	1	0	1	1	1	1	1	1	0	1	0	0	1	1	0	0	1	1	1	0	1	1	1	1	0	1	0	1	1	1	0	1	0	0	1	0	0	1	1	1	1	0	0	0	1	0	0	1	0	1	0	0	1	1	1	0	1	1	0	1	0	1	0	1	0	1	1	1	1	0	1	1	0	0	0	0	1	0	1	1	0	0	0	1	1	1	0	0	0	0	1	1	0	1	1	1	1	1	1	1	0	0	0	1	0	1	0	0	0	1	1	1	1	1	0	0	0	1	1	1	0	1	0	0	1	1	1	0	1	1	0	1	0	0	
5593	5517	1	1	1	1	0	0	1	1	1	1	1	1	1	0	0	0	1	0	1	1	1	1	1	1	0	1	0	0	1	1	0	1	1	1	1	0	1	1	1	1	0	1	0	1	1	1	1	1	0	0	1	0	0	1	1	1	1	0	0	0	0	0	0	1	0	1	0	0	1	1	1	0	1	1	0	1	0	1	0	1	0	1	1	1	1	0	1	0	0	0	1	0	1	0	1	1	0	0	0	1	1	1	0	0	0	0	0	1	0	1	1	1	1	1	1	1	0	0	0	1	0	1	0	0	0	1	1	1	1	1	0	0	0	1	1	1	0	1	0	0	1	1	1	0	1	1	0	1	0	0	
5592	5532	1	1	1	1	0	0	1	1	1	1	1	1	1	0	0	0	1	0	1	1	1	0	1	1	0	1	0	0	1	1	0	0	1	1	1	0	1	1	1	1	0	1	0	1	1	1	0	1	1	0	1	0	0	1	1	1	1	0	0	0	1	0	0	1	0	0	0	0	1	1	1	0	1	1	0	1	0	1	0	1	0	1	1	1	1	0	1	1	0	0	1	0	1	0	1	1	0	0	0	1	1	1	0	0	0	0	1	1	0	1	1	1	1	1	1	1	0	0	0	1	0	1	0	0	0	1	1	1	1	1	0	0	0	1	1	1	0	1	1	0	1	1	1	0	1	1	0	1	0	0	
5585	5539	1	1	1	1	0	0	1	1	1	1	1	1	1	0	0	0	1	0	1	1	1	0	1	1	0	1	0	0	1	1	0	0	1	1	0	0	0	1	1	1	0	1	0	1	1	1	1	1	1	0	1	0	0	1	0	1	1	0	0	0	1	0	0	1	0	1	0	0	1	1	1	0	1	1	0	1	0	1	0	1	0	1	1	1	1	0	1	1	0	0	1	0	1	0	1	1	0	0	0	1	1	1	0	0	0	0	1	1	0	1	1	1	1	1	1	1	0	0	0	1	0	1	0	0	0	1	1	1	1	1	0	1	0	1	1	1	0	1	0	0	1	1	1	0	1	1	0	1	0	0	
5582	5540	1	1	1	1	0	0	1	1	1	1	1	1	1	0	0	0	1	0	1	1	1	0	1	1	0	1	0	0	1	1	0	1	1	1	0	0	1	1	1	1	0	1	0	1	1	1	0	1	1	0	1	0	0	1	1	1	1	0	0	0	0	0	0	1	0	1	0	0	1	1	1	0	1	1	0	1	0	1	1	1	0	1	1	1	1	0	1	1	0	0	1	0	1	0	1	1	0	0	0	1	1	1	0	0	0	0	1	1	0	1	1	1	1	1	1	1	0	0	0	1	0	1	0	0	0	1	1	1	1	1	0	0	0	1	1	1	0	1	0	0	1	1	1	0	1	1	0	1	0	0	
5581	5541	1	1	1	1	0	0	1	1	1	1	1	1	1	0	0	0	1	0	1	1	1	1	1	1	0	1	0	0	1	1	0	0	1	1	1	0	1	1	1	1	0	1	0	1	1	1	0	1	0	0	1	0	0	1	1	1	1	0	0	0	1	0	0	1	0	1	0	0	1	1	0	0	1	1	0	1	0	1	0	1	0	1	1	1	1	0	1	1	0	0	1	0	1	0	1	1	0	0	0	1	1	1	0	0	0	0	1	1	0	1	1	1	1	1	1	1	0	0	0	1	0	1	0	0	0	1	1	1	1	1	0	0	0	1	1	1	0	1	0	0	1	1	1	0	1	1	0	1	0	0	
5580	5544	1	1	1	1	0	0	1	1	1	1	1	1	1	0	0	0	1	0	1	1	1	0	1	1	0	1	0	0	1	1	0	1	1	1	1	0	1	1	1	1	0	1	0	1	1	1	0	1	0	0	1	0	0	1	1	1	1	0	0	0	1	0	0	1	0	1	0	0	1	1	1	0	1	1	0	1	0	1	0	1	0	1	1	1	1	0	1	1	0	0	1	0	1	0	1	1	0	0	0	1	1	1	0	0	0	0	0	1	0	1	1	1	1	1	1	1	0	0	0	1	0	1	0	0	0	1	1	1	1	1	0	1	0	1	1	1	0	0	0	0	1	1	1	0	1	1	0	1	0	0	
5579	5557	1	1	1	1	0	0	1	1	1	1	1	1	1	0	0	0	1	0	1	1	1	1	1	1	0	1	0	0	1	1	0	1	1	1	1	0	0	1	1	1	0	1	0	1	1	1	0	1	0	0	1	0	0	1	0	1	1	0	0	0	1	0	0	1	0	1	0	0	1	1	1	0	1	1	0	1	0	1	0	1	0	1	1	1	1	0	1	1	0	0	1	0	1	0	1	1	0	0	0	1	1	1	0	0	0	0	0	1	0	1	1	1	1	1	1	1	0	0	0	1	0	1	0	0	0	1	1	1	1	1	0	1	0	1	1	1	0	1	0	0	1	1	1	0	1	1	0	1	0	0	
5572	5558	1	1	1	1	0	0	1	1	1	1	1	1	1	0	0	0	1	0	1	1	1	0	1	1	0	1	0	0	1	1	0	0	1	1	1	0	1	1	1	1	0	1	0	1	1	1	0	1	1	0	1	0	0	1	1	1	1	0	0	0	1	0	0	1	0	0	0	0	1	1	0	0	1	1	0	1	0	1	0	1	0	1	1	1	1	0	1	1	0	0	1	0	1	0	1	1	0	0	0	1	1	1	0	0	0	0	1	1	0	1	1	1	1	1	1	1	0	0	0	1	0	1	0	0	0	1	1	1	1	1	0	1	0	1	1	1	0	1	0	0	1	1	1	0	1	1	0	1	0	0	
5571	5563	1	1	1	1	0	0	1	1	1	1	1	1	1	0	0	0	1	0	1	1	1	1	1	1	0	1	0	0	1	1	0	0	1	1	1	0	1	1	1	1	0	1	0	1	1	1	0	1	0	0	1	0	0	1	0	1	1	0	0	0	1	0	0	1	0	1	0	0	1	1	1	0	1	1	0	1	0	1	0	1	0	1	1	1	1	0	1	0	0	0	1	0	1	0	1	1	0	0	0	1	1	1	0	0	0	0	1	1	0	1	1	1	1	1	1	1	0	0	0	1	0	1	0	0	0	1	1	1	1	1	0	1	0	1	1	1	0	1	0	0	1	1	1	0	1	1	0	1	0	0	
5570	5566	1	1	1	1	0	0	1	1	1	1	1	1	1	0	0	0	1	0	1	1	1	1	1	1	0	1	0	0	1	1	0	0	1	1	0	0	1	1	1	1	0	1	0	1	1	1	0	1	0	0	1	0	0	1	1	1	1	0	0	0	0	0	0	1	0	1	0	0	1	1	1	0	1	1	0	1	1	1	0	1	0	1	1	1	1	0	1	1	0	0	1	0	1	0	1	1	0	0	0	1	1	1	0	0	0	0	1	1	0	1	1	1	1	1	1	1	0	0	0	1	0	1	0	0	0	1	1	1	1	1	0	1	0	1	1	1	0	1	0	0	1	1	1	0	1	1	0	1	0	0	
5569	5571	1	1	1	1	0	0	1	0	1	1	1	1	1	0	0	0	1	0	1	1	1	1	1	1	0	1	0	0	1	1	0	0	1	1	1	0	1	1	1	1	0	1	0	1	1	1	0	1	1	0	1	0	0	1	0	1	1	0	0	0	1	0	0	1	0	1	0	0	1	1	1	0	1	1	0	1	0	1	0	1	0	1	1	1	1	0	1	0	0	0	1	0	1	0	1	1	0	0	0	1	1	1	0	0	0	0	1	1	0	1	1	1	1	1	1	1	0	0	0	1	0	1	0	0	0	1	1	1	1	1	0	1	0	1	1	1	0	1	0	0	1	1	1	0	1	1	0	1	0	0	
5568	5580	1	1	1	1	0	0	1	1	1	1	1	1	1	0	0	0	1	0	1	1	1	0	1	1	0	1	0	0	1	1	0	0	1	1	1	0	1	1	1	1	0	1	0	1	1	1	1	1	0	0	1	0	0	1	0	1	1	0	0	0	1	0	0	1	0	1	0	0	1	1	1	0	1	1	0	1	0	1	0	1	0	1	1	1	1	0	1	1	0	0	1	0	1	0	1	1	0	0	0	1	1	1	0	0	0	0	1	1	0	1	1	1	1	1	1	1	0	0	0	1	0	1	0	0	0	1	1	1	1	1	0	0	0	1	1	1	0	1	1	0	1	1	1	0	1	1	0	1	0	0	
5560	5586	1	1	1	1	0	0	1	1	1	1	1	1	1	0	0	0	1	0	1	1	1	0	1	1	0	1	0	0	1	1	0	0	1	1	0	0	1	1	1	1	0	1	0	1	1	1	1	1	0	0	1	0	0	1	1	1	1	0	0	0	1	0	0	1	0	1	0	0	1	1	1	0	1	1	0	1	0	1	0	1	0	1	1	1	1	0	1	1	0	0	1	0	1	0	1	1	0	0	0	1	1	1	0	0	0	0	0	1	0	1	1	1	1	1	1	1	0	0	0	1	0	1	0	0	0	1	1	1	1	1	0	1	0	1	1	1	0	1	0	0	1	1	1	0	1	1	0	1	0	0	
5557	5593	1	1	1	1	0	0	1	1	1	1	1	1	1	0	0	0	1	0	1	1	1	1	1	1	0	1	0	0	1	1	0	0	1	1	1	0	1	1	1	1	0	1	0	1	1	1	0	1	0	0	1	0	0	1	0	0	1	0	0	0	1	0	0	1	0	0	0	0	1	1	1	0	1	1	0	1	0	1	0	1	0	1	1	1	1	0	1	1	0	0	1	0	1	0	1	1	0	0	0	1	1	1	0	0	0	0	1	1	0	1	1	1	1	1	1	1	0	0	0	1	0	1	0	0	0	1	1	1	1	1	0	1	0	1	1	1	0	1	0	0	1	1	1	0	1	1	1	1	0	0	
5555	5599	1	1	1	1	0	0	1	1	1	1	1	1	1	0	0	0	1	0	1	1	1	1	1	1	0	1	0	0	1	1	0	0	1	1	0	0	1	1	1	1	0	1	0	1	1	1	1	1	0	0	1	0	0	1	1	1	1	0	0	0	0	0	0	1	0	1	0	0	1	1	1	0	1	1	0	1	0	1	0	1	0	1	1	1	1	0	1	1	0	0	1	0	1	0	1	1	0	0	0	1	1	1	0	0	0	0	0	1	0	1	1	1	1	1	1	1	0	0	0	1	0	1	0	0	0	1	1	1	1	1	0	1	0	1	1	1	0	1	0	0	1	1	1	0	1	1	0	1	0	0	
5549	5600	1	1	1	1	0	0	1	1	1	1	1	1	1	0	0	0	1	0	1	1	1	1	1	1	0	1	0	0	1	1	0	0	1	1	1	0	1	1	1	1	0	1	0	1	1	1	0	1	0	0	1	0	0	1	0	1	1	0	0	0	1	0	0	1	0	0	0	0	1	1	1	0	1	1	0	1	0	1	0	1	0	1	1	1	1	0	1	1	0	0	1	0	1	0	1	1	0	0	0	1	1	1	0	0	0	0	1	1	0	1	1	1	1	1	1	1	0	0	0	1	0	1	0	0	0	1	1	1	1	1	0	0	0	1	1	1	0	1	0	0	1	1	1	0	1	1	1	1	0	0	
5548	5606	1	1	1	1	0	0	1	1	1	1	1	1	1	0	0	0	1	0	1	1	1	0	1	1	0	1	0	0	1	1	0	0	1	1	1	0	1	1	1	1	0	1	0	1	1	1	1	1	0	0	1	0	0	1	0	1	1	0	0	0	1	0	0	1	0	1	0	0	1	1	0	0	1	1	0	1	0	1	0	1	0	1	1	1	1	0	1	1	0	0	1	0	1	0	1	1	0	0	0	1	1	1	0	0	0	0	1	1	0	1	1	1	1	1	1	1	0	0	0	1	0	1	0	0	0	1	1	1	1	1	0	1	0	1	1	1	0	1	0	0	1	1	1	0	1	1	0	1	0	0	
5546	5607	1	1	1	1	0	0	1	1	1	1	1	1	1	0	0	0	1	0	1	1	0	0	1	1	1	1	0	0	1	1	0	0	1	1	1	0	1	1	1	1	1	1	0	1	1	1	0	1	0	0	1	0	0	1	0	1	1	0	0	0	1	0	0	1	0	1	0	0	1	1	1	0	1	1	0	1	0	1	0	1	0	1	1	1	1	0	1	1	0	0	1	0	1	0	1	1	0	0	0	1	1	1	0	0	0	0	1	1	0	1	1	1	1	1	1	1	0	0	0	1	0	1	0	0	0	1	1	1	1	1	0	1	0	1	1	1	0	1	0	0	1	1	1	0	1	1	0	1	0	0	
5545	5608	1	1	1	1	0	0	1	1	1	1	1	1	1	0	0	0	1	0	1	1	0	1	1	1	0	1	0	0	1	1	0	0	1	1	1	0	1	1	1	1	0	1	0	1	1	1	0	1	1	0	1	0	0	1	0	1	1	0	0	0	1	0	0	1	0	0	0	0	1	1	1	0	1	1	0	1	0	1	0	1	0	1	1	1	1	0	1	1	0	0	1	0	1	0	1	1	0	0	0	1	1	1	0	0	0	0	0	1	0	1	1	1	1	1	1	1	0	0	0	1	0	1	0	0	0	1	1	1	1	1	0	1	0	1	1	1	0	1	0	0	1	1	1	0	1	1	1	1	0	0	
5544	5616	1	1	1	1	0	0	1	1	1	1	1	1	1	0	0	0	1	0	1	1	1	1	1	1	0	1	0	0	1	1	0	0	1	1	1	0	1	1	1	1	0	1	0	1	1	1	0	1	0	0	1	0	0	1	0	0	1	0	0	0	1	0	0	1	0	0	0	0	1	1	1	0	1	1	0	1	0	1	1	1	0	1	1	1	1	0	1	1	0	0	1	0	1	0	1	1	0	0	0	1	1	1	0	0	0	0	1	1	0	1	1	1	1	1	1	1	0	0	0	1	0	1	0	0	0	1	1	1	1	1	0	1	0	1	1	1	0	1	0	0	1	1	1	0	1	1	0	1	0	0	
5540	5618	1	1	1	1	0	0	1	1	1	1	1	1	1	0	0	0	1	0	1	1	1	1	1	1	0	1	0	0	1	1	0	0	1	1	1	0	1	1	1	1	0	1	0	1	1	1	0	1	0	0	1	0	0	1	0	1	1	1	0	0	1	0	0	1	0	0	0	0	1	1	1	0	1	1	0	1	0	1	0	1	0	1	1	1	1	0	1	1	0	0	1	0	1	0	1	1	0	0	0	1	1	1	0	0	0	0	0	1	0	1	1	1	1	1	1	1	0	0	0	1	0	1	0	0	0	1	1	1	1	1	0	1	0	1	1	1	0	1	0	0	1	1	1	0	1	1	0	1	0	0	
5536	5623	1	1	1	1	0	0	1	1	1	1	1	1	1	0	0	0	1	0	1	1	1	1	1	1	0	1	0	0	1	1	0	0	1	1	1	0	1	1	1	1	0	1	0	1	1	1	0	1	0	0	1	0	0	1	0	1	1	0	0	0	1	0	0	1	0	0	0	0	1	1	1	0	1	1	0	1	0	1	1	1	0	1	1	1	1	0	1	1	0	0	1	0	1	0	1	1	0	0	0	1	1	1	0	0	0	0	1	1	0	1	1	1	1	1	1	1	0	0	0	1	0	1	0	0	0	1	1	1	1	1	0	0	0	1	1	1	0	1	0	0	1	1	1	0	1	1	0	1	0	0	
5533	5625	1	1	1	1	0	0	1	1	1	1	1	1	1	0	0	0	1	0	1	1	1	1	1	1	0	1	0	0	1	1	0	1	1	1	1	0	1	1	1	1	0	1	0	1	1	1	0	1	0	0	1	0	0	1	0	1	1	0	0	0	0	0	0	1	0	0	0	0	1	1	1	0	1	1	0	1	0	1	1	1	0	1	1	1	1	0	1	1	0	0	1	0	1	0	1	1	0	0	0	1	1	1	0	0	0	0	1	1	0	1	1	1	1	1	1	1	0	0	0	1	0	1	0	0	0	1	1	1	1	1	0	0	0	1	1	1	0	1	1	0	1	1	1	0	1	1	0	1	0	0	
5532	5631	1	1	1	1	0	0	1	1	1	1	1	1	1	0	0	0	1	0	1	1	0	1	1	1	0	1	0	0	1	1	0	0	1	1	1	0	1	1	1	1	0	1	0	1	1	1	0	1	1	0	1	0	0	1	0	1	1	0	0	0	1	0	0	1	0	0	0	0	1	1	1	0	1	1	0	1	0	1	1	1	0	1	1	1	1	0	1	1	0	0	1	0	1	0	1	1	0	0	0	1	1	1	0	0	0	0	0	1	0	1	1	1	1	1	1	1	0	0	0	1	0	1	0	0	0	1	1	1	1	1	0	1	0	1	1	1	0	1	0	0	1	1	1	0	1	1	0	1	0	0	
5531	5632	1	1	1	1	0	0	1	1	1	1	1	1	1	0	0	0	1	0	1	1	1	0	1	1	0	1	0	0	1	1	0	0	1	1	1	0	1	1	1	1	1	1	0	1	1	1	0	1	0	0	1	0	0	1	0	1	1	0	0	0	1	0	0	1	0	0	0	0	1	1	1	0	1	1	0	1	0	1	0	1	0	1	1	1	1	0	1	0	0	0	1	0	1	0	1	1	0	0	0	1	1	1	0	0	0	0	1	1	0	1	1	1	1	1	1	1	0	0	1	1	0	1	0	0	0	1	1	1	1	1	0	0	0	1	1	1	0	1	0	0	1	1	1	0	1	1	1	1	0	0	
5530	5638	1	1	1	1	0	0	1	1	1	1	1	1	1	0	0	0	1	0	1	1	1	1	1	1	0	1	0	0	1	1	0	0	1	1	1	0	1	1	1	1	1	1	0	1	1	1	0	1	0	0	1	0	0	1	1	1	1	0	0	0	0	0	0	1	0	0	0	0	1	1	1	0	1	1	0	1	0	1	1	1	0	1	1	1	1	0	1	1	0	0	1	0	1	0	1	1	0	0	0	1	1	1	0	0	0	0	0	1	0	1	1	1	1	1	1	1	0	0	0	1	0	1	0	0	0	1	1	1	1	1	0	0	0	1	1	1	0	1	0	0	1	1	1	0	1	1	0	1	0	0	
5529	5639	1	1	1	1	0	0	1	1	1	1	1	1	1	0	0	0	1	0	1	1	1	0	1	1	0	1	0	0	1	1	0	1	1	1	1	0	1	1	1	1	0	1	0	1	1	1	0	1	0	0	1	0	0	1	0	1	1	0	0	0	1	0	0	1	0	1	0	0	1	1	1	0	1	1	0	1	0	1	0	1	0	1	1	1	1	0	0	1	0	0	1	0	1	0	1	1	0	0	0	1	1	1	0	0	0	0	1	1	0	1	1	1	1	1	1	1	0	0	1	1	0	1	0	0	0	1	1	1	1	1	0	1	0	1	1	1	0	1	0	0	1	1	1	0	1	1	0	1	0	0	
5527	5640	1	1	1	1	0	0	1	1	1	1	1	1	1	0	0	0	1	0	1	1	1	0	1	1	0	1	0	0	1	1	0	0	1	1	0	0	1	1	1	1	0	1	0	1	1	1	0	1	0	0	1	0	0	1	0	1	1	0	0	0	1	0	0	1	0	1	0	0	1	1	1	0	1	1	0	1	0	1	0	1	0	1	1	1	1	0	1	1	0	0	1	0	1	0	1	1	0	0	0	1	1	1	0	0	0	0	1	1	0	1	1	1	1	1	1	1	0	0	1	1	0	1	0	0	0	1	1	1	1	1	0	1	0	1	1	1	0	1	1	0	1	1	1	0	1	1	0	1	0	0	
5526	5659	1	1	1	1	0	0	1	1	1	1	1	1	1	0	0	0	1	0	1	1	1	0	1	1	0	1	0	0	1	1	0	0	1	1	0	0	1	1	1	1	0	1	0	1	1	1	1	1	0	0	1	0	0	1	0	1	1	0	0	0	1	0	0	1	0	1	0	0	1	1	1	0	1	1	0	1	0	1	1	1	0	1	1	1	1	0	1	1	0	0	1	0	1	0	1	1	0	0	0	1	1	1	0	0	0	0	0	1	0	1	1	1	1	1	1	1	0	0	0	1	0	1	0	0	0	1	1	1	1	1	0	1	0	1	1	1	0	1	0	0	1	1	1	0	1	1	0	1	0	0	
5518	5663	1	1	1	1	0	0	1	1	1	1	1	1	1	0	0	0	1	0	1	1	1	0	1	1	0	1	0	0	1	1	0	0	1	1	1	0	1	1	1	1	0	1	0	1	1	1	0	1	0	0	1	0	0	1	0	1	1	0	0	0	1	0	0	1	0	0	0	0	1	1	1	0	1	1	0	1	0	1	0	1	0	1	1	1	1	0	1	1	0	0	1	0	1	0	1	1	0	0	0	1	1	1	0	0	0	0	1	1	0	1	1	1	1	1	1	1	0	0	1	1	0	1	0	0	0	1	1	1	1	1	0	1	0	1	1	1	0	1	1	0	1	1	1	0	1	1	0	1	0	0	
5513	5683	1	1	1	1	0	0	1	0	1	1	1	1	1	0	0	0	1	0	1	1	1	0	1	1	0	1	0	0	1	1	0	0	1	1	1	0	1	1	1	1	1	1	0	1	1	1	1	1	0	0	1	0	0	1	0	1	1	0	0	0	1	0	0	1	0	0	0	0	1	1	1	0	1	1	0	1	0	1	0	1	0	1	1	1	1	0	1	1	0	0	1	0	1	0	1	1	0	0	0	1	1	1	0	0	0	0	1	1	0	1	1	1	1	1	1	1	0	0	0	1	0	1	0	0	0	1	1	1	1	1	0	1	0	1	1	1	0	1	0	0	1	1	1	0	1	1	0	1	0	0	
5503	5685	1	1	1	1	0	0	1	1	1	1	1	1	1	0	0	0	1	0	1	1	1	1	1	1	0	1	0	0	1	1	0	1	1	1	0	0	1	1	1	1	1	1	0	1	1	1	0	1	0	0	1	0	0	1	0	1	1	0	0	0	0	0	0	1	0	0	0	0	1	1	1	0	1	1	0	1	0	1	1	1	0	1	1	1	1	0	1	1	0	0	1	0	1	0	1	1	0	0	0	1	1	1	0	0	0	0	1	1	0	1	1	1	1	1	1	1	0	0	0	1	0	1	0	0	0	1	1	1	1	1	0	1	0	1	1	1	0	1	0	0	1	1	1	0	1	1	0	0	0	0	
5501	5694	1	1	1	1	0	0	1	0	1	1	1	1	1	0	0	0	1	0	1	1	1	0	1	1	0	1	0	0	1	1	0	1	1	1	1	0	1	1	1	1	0	1	0	1	1	1	1	1	0	0	1	0	0	1	0	1	1	0	0	0	1	0	0	1	0	0	0	0	1	1	1	0	1	1	0	1	0	1	0	1	0	1	1	1	1	0	1	1	0	0	1	0	1	0	1	1	0	0	0	1	1	1	0	0	0	0	0	1	0	1	1	1	1	1	1	1	0	0	1	1	0	1	0	0	0	1	1	1	1	1	0	1	0	1	1	1	0	1	0	0	1	1	1	0	1	1	0	1	0	0	
5495	5695	1	1	1	1	0	0	1	0	1	1	1	1	1	0	0	0	1	0	1	1	1	1	1	1	0	1	0	0	1	1	0	1	1	1	0	0	1	1	1	1	0	1	0	1	1	1	1	1	0	0	1	0	0	1	0	1	1	0	0	0	0	0	0	1	0	0	0	0	1	1	1	0	1	1	0	1	0	1	0	1	0	1	1	1	1	0	1	1	0	0	1	0	1	0	1	1	0	0	0	1	1	1	0	0	0	0	1	1	0	1	1	1	1	1	1	1	0	0	1	1	0	1	0	0	0	1	1	1	1	1	0	1	0	1	1	1	0	1	0	0	1	1	1	0	1	1	0	1	0	0	
5490	5702	1	1	1	1	0	0	1	0	1	1	1	1	1	0	0	0	1	0	1	1	1	1	1	1	0	1	0	0	1	1	0	0	1	1	1	0	1	1	1	1	1	1	0	1	1	1	1	1	0	0	1	0	0	1	0	1	1	0	0	0	0	0	0	1	0	0	0	0	1	1	0	0	1	1	0	1	0	1	0	1	0	1	1	1	1	0	1	1	0	0	1	0	1	0	1	1	0	0	0	1	1	1	0	0	0	0	1	1	0	1	1	1	1	1	1	1	0	0	0	1	0	1	0	0	0	1	1	1	1	1	0	1	0	1	1	1	0	1	1	0	1	1	1	0	1	1	0	1	0	0	
5487	5705	1	1	1	1	0	0	1	0	1	1	1	1	1	0	0	0	1	0	1	1	1	1	1	1	0	1	0	0	1	1	0	1	1	1	0	0	1	1	1	1	1	1	0	1	1	1	0	1	0	0	1	0	0	1	0	1	1	0	0	0	0	0	0	1	0	0	0	0	1	1	1	0	1	1	0	1	0	1	1	1	0	1	1	1	1	0	1	1	0	0	1	0	1	0	1	1	0	0	0	1	1	1	0	0	0	0	1	1	0	1	1	1	1	1	1	1	0	0	0	1	0	1	0	0	0	1	1	1	1	1	0	1	0	1	1	1	0	1	0	0	1	1	1	0	1	1	0	1	0	0	
5486	5706	1	1	1	1	0	0	1	1	1	1	1	1	1	0	0	0	1	0	1	1	1	0	1	1	0	1	0	0	1	1	0	0	1	1	1	0	1	1	1	1	0	1	0	1	1	1	1	1	0	0	1	0	0	1	0	1	1	0	0	0	0	0	0	1	0	0	0	0	1	1	1	0	1	1	0	1	0	1	1	1	0	1	1	1	1	0	1	1	0	1	1	0	1	0	1	1	0	0	0	1	1	1	0	0	0	0	0	1	0	1	1	1	1	1	1	1	0	0	0	1	0	1	0	0	0	1	1	1	1	1	0	1	0	1	1	1	0	1	0	0	1	1	1	0	1	1	0	1	0	0	
5484	5714	1	1	1	1	0	0	1	1	1	1	1	1	1	0	0	0	1	0	1	1	1	1	1	1	0	1	0	0	1	1	0	0	1	1	0	0	1	1	1	1	0	1	0	1	1	1	0	1	0	0	1	0	0	1	0	1	1	0	0	0	1	0	0	1	0	0	0	0	1	1	1	0	1	1	0	1	0	1	1	1	0	1	1	1	1	0	1	1	0	0	1	0	1	0	1	1	0	0	0	1	1	1	0	0	0	0	0	1	0	1	1	1	1	0	1	1	0	0	1	1	0	1	0	0	0	1	1	1	1	1	0	1	0	1	1	1	0	1	0	0	1	1	1	0	1	1	0	1	0	0	
5481	5718	1	1	1	1	0	0	1	0	1	1	1	1	1	0	0	0	1	0	1	1	1	0	1	1	0	1	0	0	1	1	0	0	1	1	0	0	1	1	1	1	1	1	0	1	1	1	0	1	0	0	1	0	0	1	0	1	1	0	0	0	1	0	0	1	0	1	0	0	1	1	1	0	1	1	0	1	0	1	0	1	0	1	1	1	1	0	1	1	0	0	1	0	1	0	1	1	0	0	0	1	1	1	0	0	0	0	0	1	0	1	1	1	1	1	1	1	0	0	1	1	0	1	0	0	0	1	1	1	1	1	0	1	0	1	1	1	0	1	0	0	1	1	1	0	1	1	1	1	0	0	
5478	5720	1	1	1	1	0	0	1	0	1	1	1	1	1	0	0	0	1	0	1	1	1	0	1	1	0	1	0	0	1	1	0	1	1	1	0	0	1	1	1	1	1	1	0	1	1	1	0	1	0	0	1	0	0	1	0	1	1	0	0	0	0	0	0	1	0	1	0	0	1	1	1	0	1	1	0	1	0	1	0	1	0	1	1	1	1	0	1	1	0	0	1	0	1	0	1	1	0	0	0	1	1	1	0	0	0	0	0	1	0	1	1	1	1	1	1	1	0	0	1	1	0	1	0	0	0	1	1	1	1	1	0	1	0	1	1	1	0	1	1	0	1	1	1	0	1	1	1	1	0	0	
5473	5721	1	1	1	1	0	0	1	0	1	1	1	1	1	0	0	0	1	0	1	1	1	1	1	1	0	1	0	0	1	1	0	0	1	1	1	0	1	1	1	1	1	1	0	1	1	1	0	1	0	0	1	0	0	1	0	1	1	0	0	0	1	0	0	1	0	0	0	0	1	1	0	0	1	1	0	1	0	1	1	1	0	1	1	1	1	0	1	1	0	0	1	0	1	0	1	1	0	0	0	1	1	1	0	0	0	0	0	1	0	1	1	1	1	1	1	1	0	0	0	1	0	1	0	0	0	1	1	1	1	1	0	1	0	1	1	1	0	1	0	0	1	1	1	0	1	1	0	1	0	0	
5472	5724	1	1	1	1	0	0	1	0	1	1	1	1	1	0	1	0	1	0	1	1	1	1	1	1	0	1	0	0	1	1	0	0	1	1	1	0	1	1	1	1	0	1	0	1	1	1	0	1	0	0	1	0	0	1	0	1	1	0	0	0	0	0	0	1	0	1	0	0	1	1	1	0	1	1	0	1	0	1	1	1	0	1	1	1	1	0	1	1	0	0	1	0	1	0	1	1	0	0	0	1	1	1	0	0	0	0	0	1	0	1	1	1	1	1	1	1	0	0	0	1	0	1	0	0	0	1	1	1	1	1	0	1	0	1	1	1	0	1	1	0	1	1	1	0	1	1	0	1	0	0	
5471	5730	1	1	1	1	0	0	1	1	1	1	1	1	1	0	0	0	1	0	1	1	1	1	1	1	0	1	0	0	1	1	0	0	1	1	1	0	1	1	1	1	1	1	0	1	1	1	0	1	0	0	1	0	0	1	0	1	1	0	0	0	0	0	0	1	0	0	0	0	1	1	1	0	1	1	0	1	0	1	0	1	0	1	1	1	1	0	0	1	0	0	1	0	1	0	1	1	0	0	0	1	1	1	0	0	0	0	0	1	0	1	1	1	1	1	1	1	0	0	1	1	0	1	0	0	0	1	1	1	1	1	0	1	0	1	1	1	0	1	0	0	1	1	1	0	1	1	1	1	0	0	
5468	5741	1	1	1	1	0	0	1	0	1	1	1	1	1	0	0	0	1	0	1	1	1	0	1	1	0	1	0	0	1	1	0	0	1	1	0	0	1	1	1	1	1	1	0	1	1	1	0	1	0	0	1	0	0	1	0	1	1	0	0	0	1	0	0	1	0	1	0	0	1	1	1	0	1	1	0	1	0	1	1	1	0	1	1	1	1	0	1	1	0	0	1	0	1	0	1	1	0	0	0	1	1	1	0	0	0	0	0	1	0	1	1	1	1	1	1	1	0	0	1	1	0	1	0	0	0	1	1	1	1	1	0	1	0	1	1	1	0	1	0	0	1	1	1	0	1	1	0	1	0	0	
5465	5743	1	1	1	1	0	0	1	0	1	1	1	1	1	0	0	0	1	0	1	1	1	0	1	1	0	1	0	0	1	1	0	1	1	1	0	0	1	1	1	1	1	1	0	1	1	1	0	1	0	0	1	0	0	1	0	1	1	0	0	0	0	0	0	1	0	1	0	0	1	1	1	0	1	1	0	1	0	1	1	1	0	1	1	1	1	0	1	1	0	0	1	0	1	0	1	1	0	0	0	1	1	1	0	0	0	0	0	1	0	1	1	1	1	1	1	1	0	0	1	1	0	1	0	0	0	1	1	1	1	1	0	1	0	1	1	1	0	1	1	0	1	1	1	0	1	1	0	1	0	0	
5458	5753	1	1	1	1	0	0	1	1	1	1	1	1	1	0	0	0	1	0	1	1	1	1	1	1	0	1	0	0	1	1	0	0	1	1	1	0	1	1	1	1	1	1	0	1	1	1	0	1	0	0	1	0	0	1	0	1	1	0	0	0	0	0	0	1	0	0	0	0	1	1	1	0	1	1	0	1	0	1	1	1	0	1	1	1	1	0	0	1	0	0	1	0	1	0	1	1	0	0	0	1	1	1	0	0	0	0	0	1	0	1	1	1	1	1	1	1	0	0	1	1	0	1	0	0	0	1	1	1	1	1	0	1	0	1	1	1	0	1	0	0	1	1	1	0	1	1	0	1	0	0	
5452	5757	1	1	1	1	0	0	1	0	1	1	1	1	1	0	0	0	1	0	1	1	1	1	1	1	0	1	0	0	1	1	0	0	1	1	0	0	1	1	1	1	0	1	0	1	1	1	0	1	0	0	1	0	0	1	0	1	1	0	0	0	0	0	0	1	0	1	0	0	1	1	1	0	1	1	0	1	0	1	1	1	0	1	1	1	1	0	1	1	0	1	1	0	1	0	1	1	0	0	0	1	1	1	0	0	0	0	0	1	0	1	1	1	1	1	1	1	0	0	1	1	0	1	0	0	0	1	1	1	1	1	0	1	0	1	1	1	0	1	0	0	1	1	1	0	1	1	0	1	0	0	
5450	5758	1	1	1	1	0	0	1	1	1	1	1	1	1	0	0	0	1	0	1	1	1	0	1	1	0	1	0	0	1	1	0	0	1	1	1	0	1	1	1	1	1	1	0	1	1	1	1	1	0	0	1	0	0	1	0	1	1	0	0	0	0	0	0	1	0	0	0	0	1	1	1	0	1	1	0	1	0	1	1	1	0	1	1	1	1	0	1	1	0	0	1	0	1	0	1	1	0	0	0	1	1	1	0	0	0	0	0	1	0	1	1	1	1	1	1	1	0	0	1	1	0	1	0	0	0	0	1	1	1	1	0	1	0	1	1	1	0	1	0	0	1	1	1	0	1	1	0	1	0	0	
5448	5759	1	1	1	1	0	0	1	0	1	1	1	1	1	0	0	0	1	0	1	1	1	1	1	1	0	1	1	0	1	1	0	0	1	1	1	0	1	1	1	1	0	1	0	1	1	1	1	1	0	0	1	0	0	1	0	1	1	0	0	0	0	0	0	1	0	0	0	0	1	1	1	0	1	1	0	1	0	1	1	1	0	1	1	1	1	0	1	1	0	0	1	0	1	0	1	1	0	0	0	1	1	1	0	0	0	0	0	1	0	1	1	1	1	1	1	1	0	0	0	1	0	1	0	0	0	1	1	1	1	1	0	1	0	1	1	1	0	1	0	0	1	1	1	0	1	1	0	1	0	0	
5447	5761	1	1	1	1	0	0	1	0	1	1	1	1	1	0	1	0	1	0	1	1	0	1	1	1	0	1	0	0	1	1	0	0	1	1	1	0	1	1	1	1	1	1	0	1	1	1	1	1	0	0	1	0	0	1	0	1	1	0	0	0	0	0	0	1	0	0	0	0	1	1	1	0	1	1	0	1	0	1	1	1	0	1	1	1	1	0	1	1	0	0	1	0	1	0	1	1	0	0	0	1	1	1	0	0	0	0	0	1	0	1	1	1	1	1	1	1	0	0	0	1	0	1	0	0	0	1	1	1	1	1	0	1	0	1	1	1	0	1	0	0	1	1	1	0	1	1	0	1	0	0	
5444	5769	1	1	1	1	0	0	1	0	1	1	1	1	1	0	0	0	1	0	1	1	1	0	1	1	0	1	0	0	1	1	0	0	1	1	0	0	1	1	1	1	1	1	0	1	1	1	1	1	0	0	1	0	0	1	0	1	1	0	0	0	0	0	0	1	0	0	0	0	1	1	1	0	1	1	0	1	0	1	1	1	0	1	1	1	1	0	1	1	0	0	1	0	1	0	1	1	0	0	0	1	1	1	0	0	0	0	1	1	0	1	1	1	1	1	1	1	0	0	0	1	1	1	0	0	0	1	1	1	1	1	0	1	0	1	1	1	0	1	0	0	1	1	1	0	1	1	0	1	0	0	
5441	5772	1	1	1	1	0	0	1	0	1	1	1	1	1	0	0	0	1	0	1	1	1	1	1	1	0	1	1	0	1	1	0	0	1	1	0	0	1	1	1	1	0	1	0	1	1	1	0	1	0	0	1	0	0	1	0	1	1	0	0	0	0	0	0	1	0	0	0	0	1	1	1	0	1	1	0	1	0	1	0	1	0	1	1	1	1	0	1	1	0	0	1	0	1	0	1	1	0	0	0	1	1	1	0	0	0	0	1	1	0	1	1	1	1	1	1	1	0	0	1	1	0	1	0	0	0	1	1	1	1	1	0	1	0	1	1	1	0	1	1	0	1	1	1	0	1	1	1	1	0	0	
5436	5774	1	1	1	1	0	0	1	0	1	1	1	1	1	0	1	0	1	0	1	1	1	0	1	1	0	1	0	0	1	1	0	0	1	1	1	0	1	1	1	1	1	1	0	1	1	1	1	1	0	0	1	0	0	1	0	1	1	0	0	0	0	0	0	1	0	0	0	0	1	1	1	0	1	1	0	1	0	1	1	1	0	1	1	1	1	0	1	1	0	0	1	0	1	0	1	1	0	0	0	1	1	1	0	0	0	0	0	1	0	1	1	1	1	0	1	1	0	0	0	1	0	1	0	0	0	1	1	1	1	1	0	1	0	1	1	1	0	1	1	0	1	1	1	0	1	1	0	1	0	0	
5434	5777	1	1	1	1	0	0	1	0	1	1	1	1	1	0	0	0	1	0	1	1	1	1	1	1	0	1	0	0	1	1	0	0	1	1	0	0	1	1	1	1	1	1	0	1	1	1	0	1	0	0	1	0	0	1	0	1	1	0	0	0	0	0	0	1	0	0	0	0	1	1	0	0	1	1	0	1	0	1	1	1	0	1	1	1	1	0	1	1	0	1	1	0	1	0	1	1	0	0	0	1	1	1	0	0	0	0	0	1	0	1	1	1	1	1	1	1	0	0	0	1	0	1	0	0	0	1	1	1	1	1	0	1	0	1	1	1	0	1	0	0	1	1	1	0	1	1	1	1	0	0	
5433	5782	1	1	1	1	0	0	1	0	1	1	1	1	1	0	0	0	1	0	1	1	1	0	1	1	0	1	1	0	1	1	0	0	1	1	0	0	1	1	1	1	0	1	0	1	1	1	0	1	0	0	1	0	0	1	0	1	1	0	0	0	1	0	0	1	0	0	0	0	1	1	1	0	1	1	0	1	0	1	1	1	0	1	1	1	1	0	1	1	0	0	1	0	1	0	1	1	0	0	0	1	1	1	0	0	0	0	1	1	0	1	1	1	1	1	1	1	0	0	1	1	0	1	0	0	0	1	1	1	1	1	0	1	0	1	1	1	0	1	1	0	1	1	1	0	1	1	0	1	0	0	
5430	5788	1	1	1	1	0	0	1	0	1	1	1	1	1	0	0	0	1	0	1	1	1	1	1	1	1	1	0	0	1	1	0	0	1	1	0	0	1	1	1	1	0	1	0	1	1	1	0	1	0	0	1	0	0	1	0	1	1	0	0	0	0	0	0	1	0	0	0	0	1	1	1	0	1	1	0	1	0	1	1	1	0	1	1	1	1	0	1	1	0	0	1	0	1	0	1	1	0	0	0	1	1	1	0	0	0	0	0	1	0	1	1	1	1	1	1	1	0	0	1	1	1	1	0	0	0	1	1	1	1	1	0	1	0	1	1	1	0	1	0	0	1	1	1	0	1	1	0	1	0	0	
5429	5790	1	1	1	1	0	0	1	0	1	1	1	1	1	0	0	0	1	0	1	1	1	1	1	1	0	1	0	0	1	1	0	0	1	1	0	0	1	1	1	1	0	1	0	1	1	1	1	1	0	0	1	0	0	1	0	1	1	0	0	0	0	0	0	1	0	0	0	0	1	1	0	0	1	1	0	1	0	1	1	1	0	1	1	1	1	0	1	1	0	1	1	0	1	0	1	1	0	0	0	1	1	1	0	0	0	0	0	1	0	1	1	1	1	1	1	1	0	0	1	1	0	1	0	0	0	1	1	1	1	1	0	1	0	1	1	1	0	1	0	0	1	1	1	0	1	1	0	1	0	0	
5428	5795	1	1	1	1	0	0	1	0	1	1	1	1	1	0	0	0	1	0	1	1	1	1	1	1	0	1	1	0	1	1	0	0	1	1	0	0	1	1	1	1	0	1	0	1	1	1	0	1	0	0	1	0	0	1	0	1	1	0	0	0	0	0	0	1	0	0	0	0	1	1	1	0	1	1	0	1	0	1	1	1	0	1	1	1	1	0	1	1	0	0	1	0	1	0	1	1	0	0	0	1	1	1	0	0	0	0	1	1	0	1	1	1	1	1	1	1	0	0	1	1	0	1	0	0	0	1	1	1	1	1	0	1	0	1	1	1	0	1	1	0	1	1	1	0	1	1	0	1	0	0	
5424	5801	1	1	1	1	0	0	1	0	1	1	1	1	1	0	1	0	1	0	1	1	1	1	1	1	0	1	0	0	1	1	0	0	1	1	0	0	1	1	1	1	1	1	0	1	1	1	0	1	0	0	1	0	0	1	0	1	1	0	0	0	0	0	0	1	0	0	0	0	1	1	1	0	1	1	0	1	0	1	1	1	0	1	1	1	1	0	1	1	0	0	1	0	1	0	1	1	0	0	0	1	1	1	0	0	0	0	1	1	0	1	1	1	1	1	1	1	0	0	1	1	0	1	0	0	0	1	1	1	1	1	0	1	0	1	1	1	0	1	0	0	1	1	1	0	1	1	0	0	0	0	
5416	5807	1	1	1	1	0	0	1	0	1	1	1	1	1	0	0	0	1	0	1	1	1	0	1	1	0	1	0	0	1	1	0	0	1	1	0	0	1	1	1	1	1	1	0	1	1	1	1	1	0	0	1	0	0	1	0	1	1	0	0	0	0	0	0	1	0	0	0	0	1	1	1	0	1	1	0	1	0	1	1	1	0	1	1	1	1	0	1	1	0	1	1	0	1	0	1	1	0	0	0	1	1	1	0	0	0	0	0	1	0	1	1	1	1	0	1	1	0	0	1	1	0	1	0	0	0	1	1	1	1	1	0	1	0	1	1	1	0	1	0	0	1	1	1	0	1	1	0	1	0	0	
5412	5808	1	1	1	1	0	0	1	0	1	1	1	1	1	0	1	0	1	0	1	1	1	1	1	1	0	1	1	0	1	1	0	0	1	1	0	0	1	1	1	1	0	1	0	1	1	1	0	1	0	0	1	0	0	1	0	1	1	0	0	0	0	0	0	1	0	0	0	0	1	1	1	0	1	1	0	1	0	1	0	1	0	1	1	1	1	0	1	1	0	0	1	0	1	0	1	1	0	0	0	1	1	1	0	0	0	0	1	1	0	1	1	1	1	1	1	1	0	0	1	1	0	1	0	0	0	1	1	1	1	1	0	1	0	1	1	1	0	1	1	0	1	1	1	0	1	1	1	0	0	0	
5409	5817	1	1	1	1	0	0	1	0	1	1	1	1	1	0	0	0	1	0	1	1	0	1	1	1	0	1	1	0	1	1	0	0	1	1	1	0	1	1	1	1	1	1	0	1	1	1	0	1	0	0	1	0	0	1	0	1	1	0	0	0	0	0	0	1	0	0	0	0	1	1	1	0	1	1	0	1	0	1	1	1	0	1	1	1	1	0	1	1	0	0	1	0	1	0	1	1	0	0	0	1	1	1	0	0	0	0	0	1	0	1	1	1	1	1	1	1	0	0	1	1	0	1	0	0	0	1	1	1	1	1	0	1	0	1	1	1	0	1	1	0	1	1	1	0	1	1	0	1	0	0	
5406	5821	1	1	1	1	0	0	1	0	1	1	1	1	1	0	0	0	1	0	1	1	1	1	1	1	0	1	1	0	1	1	0	0	1	1	1	0	1	1	1	1	1	1	0	1	1	1	0	1	0	0	1	0	0	1	0	1	1	0	0	0	0	0	0	1	0	0	0	0	1	1	1	0	1	1	0	1	0	1	1	1	0	1	1	1	1	0	1	1	0	0	1	0	1	0	1	1	0	0	0	1	1	1	0	0	0	0	0	1	0	1	1	1	1	1	1	1	0	0	1	1	0	1	0	0	0	1	1	1	1	1	0	1	0	1	1	1	0	1	0	0	1	1	1	0	1	1	0	0	0	0	
5402	5824	1	1	1	1	0	0	1	0	1	1	1	1	1	0	0	0	1	0	1	1	0	0	1	1	0	1	1	0	1	1	0	0	1	1	1	0	1	1	1	1	1	1	0	1	1	1	0	1	0	0	1	0	0	1	0	1	1	0	0	0	0	0	0	1	0	0	0	0	1	1	1	0	1	1	0	1	0	1	1	1	0	1	1	1	1	0	1	1	0	1	1	0	1	0	1	1	0	0	0	1	1	1	0	0	0	0	1	1	0	1	1	1	1	1	1	1	0	0	1	1	0	1	0	0	0	1	1	1	1	1	0	1	0	1	1	1	0	1	0	0	1	1	1	0	1	1	0	1	0	0	
5396	5830	1	1	1	1	0	0	1	0	1	1	1	1	1	0	0	0	1	0	1	1	1	0	1	1	0	1	1	0	1	1	0	0	1	1	1	0	1	1	1	1	0	1	0	1	1	1	0	1	0	0	1	0	0	1	0	1	1	0	0	0	0	0	0	1	0	0	0	0	1	1	1	0	1	1	0	1	0	1	1	1	0	1	1	1	1	0	1	1	0	0	1	0	1	0	1	1	1	0	0	1	1	1	0	0	0	0	0	1	0	1	1	1	1	1	1	1	0	0	1	1	0	1	0	0	0	1	1	1	1	1	0	1	0	1	1	1	0	1	0	0	1	1	1	0	1	1	1	1	0	0	
5391	5836	1	1	1	1	0	0	1	0	1	1	1	1	1	0	0	0	1	0	1	1	1	0	1	1	0	1	1	0	1	1	0	0	1	1	0	0	1	1	1	1	1	1	0	1	1	1	0	1	0	0	1	0	0	1	0	1	1	0	0	0	1	0	0	1	0	0	0	0	1	1	1	0	1	1	0	1	0	1	1	1	0	1	1	1	1	0	0	1	0	0	1	0	1	0	1	1	0	0	0	1	1	1	0	0	0	0	0	1	0	1	1	1	1	1	1	1	0	0	1	1	0	1	0	0	0	1	1	1	1	1	0	1	0	1	1	1	0	1	0	0	1	1	1	0	1	1	1	1	0	0	
5386	5849	1	1	1	1	0	0	1	0	1	1	1	1	1	0	0	0	1	0	1	1	1	1	1	1	0	1	1	0	1	1	0	0	1	1	0	0	1	1	1	1	1	1	0	1	1	1	0	1	0	0	1	0	0	1	0	1	1	0	0	0	0	0	0	1	0	0	0	0	1	1	1	0	1	1	0	1	0	1	1	1	0	1	1	1	1	0	0	1	0	0	1	0	1	0	1	1	0	0	0	1	1	1	0	0	0	0	0	1	0	1	1	1	1	1	1	1	0	0	1	1	0	1	0	0	0	1	1	1	1	1	0	1	0	1	1	1	0	1	0	0	1	1	1	0	1	1	1	1	0	0	
5378	5854	1	1	1	1	0	0	1	0	1	1	1	1	1	0	0	0	1	0	1	1	1	0	1	1	0	1	1	0	1	1	0	0	1	1	0	0	1	1	1	1	1	1	0	1	1	1	1	1	0	0	1	0	0	1	0	1	1	0	0	0	0	0	0	1	0	0	0	0	1	1	1	0	1	1	0	1	0	1	1	1	0	1	1	1	1	0	1	1	0	0	1	0	1	0	1	1	0	0	0	1	1	1	0	0	0	0	0	1	0	1	1	1	1	1	1	1	0	0	1	1	0	1	0	0	0	0	1	1	1	1	0	1	0	1	1	1	0	1	0	0	1	1	1	0	1	1	1	1	0	0	
5376	5855	1	1	1	1	0	0	1	0	1	1	1	1	1	0	1	0	1	0	1	1	1	1	1	1	0	1	0	0	1	1	0	0	1	1	0	0	1	1	1	1	1	1	0	1	1	1	0	1	0	0	1	0	0	1	0	1	1	0	0	0	0	0	0	1	0	0	0	0	1	1	1	0	1	1	0	1	0	1	1	1	0	1	1	1	1	0	0	1	0	0	1	0	1	0	1	1	0	0	0	1	1	1	0	0	0	0	1	1	0	1	1	1	1	1	1	1	0	0	1	1	1	1	0	0	0	1	1	1	1	1	0	1	0	1	1	1	0	1	0	0	1	1	1	0	1	1	0	0	0	0	
5374	5856	1	1	1	1	0	0	1	0	1	1	1	1	1	0	0	0	1	0	1	1	1	1	1	1	0	1	1	0	1	1	0	0	1	1	0	0	1	1	1	1	1	1	0	1	1	1	0	1	0	0	1	0	0	1	0	1	1	0	0	0	0	0	0	1	0	0	0	0	1	1	1	0	1	1	0	1	0	1	1	1	0	1	1	1	1	0	0	1	0	1	1	0	1	0	1	1	0	0	0	1	1	1	0	0	0	0	1	1	0	1	1	1	1	1	1	1	0	0	1	1	0	1	0	0	0	1	1	1	1	1	0	1	0	1	1	1	0	1	0	0	1	1	1	0	1	1	0	0	0	0	
5369	5860	1	1	1	1	0	0	1	0	1	1	1	1	1	0	0	0	1	0	1	1	0	0	1	1	0	1	1	0	1	1	0	0	1	1	0	0	1	1	1	1	1	1	0	1	1	1	0	1	0	0	1	0	0	1	0	1	1	0	0	0	0	0	0	1	0	0	0	0	1	1	1	0	1	1	0	1	0	1	1	1	0	1	1	1	1	0	1	1	0	0	1	0	1	0	1	1	0	0	0	1	1	1	0	1	0	0	1	1	0	1	1	1	1	1	1	1	0	0	1	1	0	1	0	0	0	1	1	1	1	1	0	1	0	1	1	1	0	1	0	0	1	1	1	0	1	1	1	1	0	0	
5366	5861	1	1	1	1	0	0	1	0	1	1	1	1	1	0	0	0	1	0	1	1	1	0	1	1	0	1	1	0	1	1	0	0	1	1	1	0	1	1	1	1	1	1	0	1	1	1	0	1	0	0	1	0	0	1	0	1	1	0	0	0	0	0	0	1	0	0	0	0	1	1	1	0	1	1	0	1	0	1	1	1	0	1	1	1	1	0	0	1	0	0	1	0	1	0	1	1	0	0	0	1	1	1	1	0	0	0	0	1	0	1	1	1	1	1	1	1	0	0	1	1	0	1	0	0	0	1	1	1	1	1	0	1	0	1	1	1	0	1	0	0	1	1	1	0	1	1	1	1	0	0	
5364	5863	1	1	1	1	0	0	1	0	1	1	1	1	1	0	1	0	1	0	1	1	1	0	1	1	0	1	1	0	1	1	0	0	1	1	1	0	1	1	1	1	1	1	0	1	1	1	0	1	0	0	1	0	0	1	0	1	1	0	0	0	0	0	0	1	0	0	0	0	1	1	0	0	1	1	0	1	0	1	1	1	0	1	1	1	1	0	1	1	0	0	1	0	1	0	1	1	0	0	0	1	1	1	0	0	0	0	0	1	0	1	1	1	1	1	1	1	0	0	1	1	0	1	0	0	0	1	1	1	1	1	0	1	0	1	1	1	0	1	0	0	1	1	1	0	1	1	1	0	0	0	
5362	5872	1	1	1	1	0	0	1	0	1	1	1	1	1	0	1	0	1	0	1	1	1	0	1	1	0	1	1	0	1	1	0	0	1	1	0	0	1	1	1	1	1	1	0	1	1	1	0	1	0	0	1	0	0	1	0	1	1	0	0	0	1	0	0	1	0	0	0	0	1	1	1	0	1	1	0	1	0	1	1	1	0	1	1	1	1	0	0	1	0	0	1	0	1	0	1	1	0	0	0	1	1	1	0	0	0	0	0	1	0	1	1	1	1	1	1	1	0	0	1	1	0	1	0	0	0	1	1	1	1	1	0	1	0	1	1	1	0	1	0	0	1	1	1	0	1	1	1	0	0	0	
5358	5875	1	1	1	1	0	0	1	0	1	1	1	1	1	0	0	0	1	0	1	1	1	1	1	1	0	1	1	0	1	1	0	0	1	1	1	0	1	1	1	1	1	1	0	1	1	1	0	1	0	0	1	0	0	1	0	1	1	0	0	0	0	0	0	1	0	0	0	0	1	1	1	0	1	1	0	1	0	1	1	1	0	1	1	1	1	0	0	1	0	0	1	0	1	0	1	1	0	0	0	1	1	1	0	0	0	0	0	1	0	1	1	1	1	1	1	1	0	0	1	1	1	1	0	0	0	1	1	1	1	1	0	1	0	1	1	1	0	1	0	0	1	1	1	0	1	1	0	0	0	0	
5353	5876	1	1	1	1	0	0	1	0	1	1	1	1	1	0	0	0	1	0	1	1	0	0	1	1	0	1	1	0	1	1	0	0	1	1	1	0	1	1	1	1	1	1	0	1	1	1	1	1	0	0	1	0	0	1	0	1	1	0	0	0	0	0	0	1	0	0	0	0	1	1	1	0	1	1	0	1	0	1	1	1	0	1	1	1	1	0	1	1	0	0	1	0	1	0	1	1	0	0	0	1	1	1	0	0	0	0	0	1	0	1	1	1	1	1	1	1	0	0	1	1	1	1	0	0	0	0	1	1	1	1	0	1	0	1	1	1	0	1	1	0	1	1	1	0	1	1	0	1	0	0	
5352	5882	1	1	1	1	0	0	1	0	1	1	1	1	1	0	1	0	1	0	1	1	1	0	1	1	0	1	1	0	1	1	0	0	1	1	0	0	1	1	1	1	1	1	0	1	1	1	1	1	0	0	1	0	0	1	0	1	1	0	0	0	0	0	0	1	0	0	0	0	1	1	0	0	1	1	0	1	0	1	1	1	0	1	1	1	1	0	1	1	0	0	1	0	1	0	1	1	0	0	0	1	1	1	0	0	0	0	0	1	0	1	1	1	1	0	1	1	0	0	1	1	0	1	0	0	0	1	1	1	1	1	0	1	0	1	1	1	0	1	0	0	1	1	1	0	1	1	1	0	0	0	
5348	5884	1	1	1	1	0	0	1	0	1	1	1	1	1	0	0	0	1	0	1	1	1	0	1	1	0	1	1	0	1	1	0	0	1	1	1	0	1	1	1	1	0	1	0	1	1	1	0	1	0	0	1	0	0	1	0	1	1	0	0	0	0	0	0	1	0	0	0	0	1	1	1	0	1	1	0	1	0	1	1	1	0	1	1	1	1	0	0	1	0	0	1	0	1	0	1	1	1	0	0	1	1	1	0	0	0	0	0	1	0	1	1	1	1	1	1	1	0	0	1	1	1	1	0	0	0	1	1	1	1	1	0	1	0	1	1	1	0	1	0	0	1	1	1	0	1	1	1	1	0	0	
5345	5885	1	1	1	1	0	0	1	0	1	1	1	1	1	0	1	0	1	0	1	1	1	1	1	1	0	1	1	0	0	1	0	0	1	1	1	0	1	1	1	1	1	1	0	1	1	1	0	1	0	0	1	0	0	1	0	1	1	0	0	0	1	0	0	1	0	0	0	0	1	1	1	0	1	1	0	1	0	1	1	1	0	1	1	1	1	0	1	1	0	0	1	0	1	0	1	1	0	0	0	1	1	1	0	0	0	0	0	1	0	1	1	1	1	1	1	1	0	0	1	1	0	1	0	0	0	0	1	1	1	1	0	1	0	1	1	1	0	1	0	0	1	1	1	0	1	1	0	0	0	0	
5341	5886	1	1	1	1	0	0	1	0	1	1	1	1	1	0	0	0	1	0	1	1	0	0	1	1	0	1	1	0	1	1	0	0	1	1	1	0	1	1	1	1	1	1	0	1	1	1	0	1	0	0	1	0	0	1	0	1	1	0	0	0	0	0	0	1	0	0	0	0	1	1	1	0	1	1	0	1	0	1	1	1	0	1	1	1	1	0	1	1	0	0	1	0	1	0	1	1	0	0	0	1	1	1	0	1	0	0	1	1	0	1	1	1	1	1	1	1	0	0	1	1	1	1	0	0	0	1	1	1	1	1	0	1	0	1	1	1	0	1	0	0	1	1	1	0	1	1	0	0	0	0	
5340	5887	1	1	1	1	0	0	1	0	1	1	1	1	1	0	0	0	1	0	1	1	1	0	1	1	0	1	1	0	0	1	0	0	1	1	0	0	1	1	1	1	1	1	0	1	1	1	0	1	0	0	1	0	0	1	0	1	1	0	0	0	0	0	0	1	0	0	1	0	1	1	1	0	1	1	0	1	0	1	1	1	0	1	1	1	1	0	1	1	0	0	1	0	1	0	1	1	0	0	0	1	1	1	0	0	0	0	0	1	0	1	1	1	1	1	1	1	0	0	1	1	0	1	0	0	0	1	1	1	1	1	0	1	0	1	1	1	0	1	1	0	1	1	1	0	1	1	1	1	0	0	
5339	5891	1	1	1	1	0	0	1	0	1	1	1	1	1	0	1	0	1	0	1	1	1	1	1	1	0	1	1	0	1	1	0	0	1	1	0	0	1	1	1	1	1	1	0	1	1	1	0	1	0	0	1	0	0	1	0	1	1	0	0	0	0	0	0	1	0	0	0	0	1	1	0	0	1	1	0	1	0	1	1	1	0	1	1	1	1	0	0	1	0	0	1	0	1	0	1	1	0	0	0	1	1	1	0	0	0	0	0	1	0	1	1	1	1	1	1	1	0	0	1	1	0	1	0	0	0	1	1	1	1	1	0	1	0	1	1	1	0	1	1	0	1	1	1	0	1	1	1	0	0	0	
5336	5893	1	1	1	1	0	0	1	0	1	1	1	1	1	0	1	0	1	0	1	1	1	0	1	1	0	1	1	0	0	1	0	0	1	1	0	0	1	1	1	1	0	1	0	1	1	1	1	1	0	0	1	0	0	1	0	1	1	0	0	0	1	0	0	1	0	0	0	0	1	1	1	0	1	1	0	1	0	1	1	1	0	1	1	1	1	0	1	1	0	0	1	0	1	0	1	1	0	0	0	1	1	1	0	0	0	0	0	1	0	1	1	1	1	1	1	1	0	0	1	1	1	1	0	0	0	1	1	1	1	1	0	1	0	1	1	1	0	1	0	0	1	1	1	0	1	1	0	0	0	0	
5334	5894	1	1	1	1	0	0	1	0	1	1	1	1	1	0	1	0	1	0	1	1	1	1	1	1	0	1	1	0	0	1	0	0	1	1	1	0	1	1	1	1	0	1	0	1	1	1	0	1	0	0	1	0	0	1	0	1	1	0	0	0	0	0	0	1	0	0	0	0	1	1	1	0	1	1	0	1	0	1	1	1	0	1	1	1	1	0	0	1	0	0	1	0	1	0	1	1	0	0	0	1	1	1	0	0	0	0	1	1	0	1	1	1	1	1	1	1	0	0	1	1	1	1	0	0	0	1	1	1	1	1	0	1	0	1	1	1	0	1	0	0	1	1	1	0	1	1	0	1	0	0	
5331	5896	1	1	1	1	0	0	1	0	1	1	1	1	1	0	1	0	1	0	1	1	1	0	1	1	0	1	1	0	1	1	0	0	1	1	0	0	1	1	1	1	1	1	0	1	1	1	1	1	0	0	1	0	0	1	0	1	1	0	0	0	0	0	0	1	0	0	0	0	1	1	0	0	1	1	0	1	0	1	1	1	0	1	1	1	1	0	1	1	0	0	1	0	1	0	1	1	0	0	0	1	1	1	0	0	0	0	0	1	0	1	1	1	1	1	1	1	0	0	1	1	0	1	0	0	0	0	1	1	1	1	0	1	0	1	1	1	0	1	1	0	1	1	1	0	1	1	1	0	0	0	
5329	5903	1	1	1	1	0	0	1	0	1	1	1	1	1	0	1	0	1	0	1	1	0	0	1	1	0	1	1	0	1	1	0	0	1	1	0	0	1	1	1	1	1	1	0	1	1	1	0	1	0	0	1	0	0	1	0	1	1	0	0	0	0	0	0	1	0	0	0	0	1	1	1	0	1	1	0	1	0	1	1	1	0	1	1	1	1	0	1	1	0	0	1	0	1	0	1	1	0	0	0	1	1	1	0	0	0	0	0	1	0	1	1	1	1	1	1	1	0	0	1	1	1	1	0	0	0	1	1	1	1	1	0	1	0	1	1	1	0	1	1	0	1	1	1	0	1	1	1	0	0	0	
5325	5905	1	1	1	1	0	0	1	0	1	1	1	0	1	0	0	0	1	0	1	1	1	0	1	1	0	1	1	1	1	1	0	0	1	1	1	0	1	1	1	1	1	1	0	1	1	1	0	1	0	0	1	0	0	1	0	1	1	0	0	0	0	0	0	1	0	0	0	0	1	1	1	0	1	1	0	1	0	1	1	1	0	1	1	1	1	0	1	1	0	0	1	0	1	0	1	1	0	0	0	1	1	1	0	0	0	0	0	1	0	1	1	1	1	1	1	1	0	0	1	1	0	1	0	0	0	1	1	1	1	1	0	1	0	1	1	1	0	1	1	0	1	1	1	0	1	1	1	0	0	0	
5324	5907	1	1	1	1	0	0	1	0	1	1	1	1	1	0	0	0	1	0	1	1	0	0	1	1	0	1	1	0	1	1	0	0	1	1	0	0	1	1	1	1	1	1	0	1	1	1	1	1	0	0	1	0	0	1	0	1	1	0	0	0	0	0	0	1	0	0	0	0	0	1	1	0	1	1	0	1	0	1	1	1	0	1	1	1	1	0	1	1	0	0	1	0	1	0	1	1	0	0	0	1	1	1	0	0	0	0	0	1	0	1	1	1	1	1	1	1	0	0	1	1	1	1	0	0	0	1	1	1	1	1	0	1	0	1	1	1	0	1	1	0	1	1	1	0	1	1	1	1	0	0	
5321	5911	1	1	1	1	0	0	1	0	1	1	1	1	1	0	0	0	1	0	1	1	1	0	1	1	0	1	1	0	1	1	0	0	1	1	0	0	1	1	1	1	1	1	0	1	1	1	1	1	0	0	1	0	0	1	0	1	1	0	0	0	0	0	0	1	0	0	0	0	0	1	1	0	1	1	0	1	0	1	1	1	0	1	1	1	1	0	1	1	0	0	1	0	1	0	1	1	0	0	0	1	1	1	0	0	0	0	0	1	0	1	1	1	1	1	1	1	0	0	1	1	1	1	0	0	0	1	1	1	1	1	0	1	0	1	1	1	0	1	0	0	1	1	1	0	1	1	1	0	0	0	
5316	5916	1	1	1	1	0	0	1	0	1	1	1	1	1	0	1	0	1	0	1	1	1	1	1	1	0	1	1	0	0	1	0	0	1	1	0	0	1	1	1	1	1	1	0	1	1	1	0	1	0	0	1	0	0	1	0	1	1	0	0	0	1	0	0	1	0	0	0	0	0	1	1	0	1	1	0	1	0	1	1	1	0	1	1	1	1	0	1	1	0	0	1	0	1	0	1	1	0	0	0	1	1	1	0	0	0	0	0	1	0	1	1	1	1	1	1	1	0	0	1	1	0	1	0	0	0	1	1	1	1	1	0	1	0	1	1	1	0	1	0	0	1	1	1	0	1	1	1	0	0	0	
5313	5918	1	1	1	1	0	0	1	0	1	1	1	1	1	0	1	0	1	0	1	1	0	0	1	1	0	1	1	0	1	1	0	0	1	1	1	0	1	1	1	1	0	1	0	1	1	1	0	1	0	0	1	0	0	1	0	1	1	0	0	0	0	0	0	1	0	0	0	0	1	1	1	0	1	1	0	1	0	1	1	1	0	1	1	1	1	0	1	1	0	0	1	0	1	0	1	1	0	0	0	1	1	1	0	1	0	0	0	1	0	1	1	1	1	1	1	1	0	0	1	1	1	1	0	0	0	1	1	1	1	1	0	1	0	1	1	1	0	1	0	0	1	1	1	0	1	1	1	0	0	0	
5311	5919	1	1	1	1	0	0	1	0	1	1	1	1	1	0	0	0	1	0	1	1	0	1	1	1	0	1	1	0	0	1	0	0	1	1	0	0	1	1	1	1	1	1	0	1	1	1	1	1	0	0	1	0	0	1	0	1	1	0	0	0	0	0	0	1	0	0	1	0	1	1	1	0	1	1	0	1	0	1	1	1	0	1	1	1	1	0	1	1	0	0	1	0	1	0	1	1	0	0	0	1	1	1	0	0	0	0	0	1	0	1	1	1	1	1	1	1	0	0	1	1	1	1	0	0	0	1	1	1	1	1	0	1	0	1	1	1	0	1	0	0	1	1	1	0	1	1	0	0	0	0	
5310	5923	1	1	1	1	0	0	1	0	1	1	1	1	1	0	1	0	1	0	1	1	1	0	1	1	0	1	1	0	1	1	0	0	1	1	1	0	1	1	1	1	1	1	0	1	1	1	0	1	0	0	1	0	0	1	0	1	1	0	0	0	0	0	0	1	0	0	0	0	1	1	1	0	1	1	0	1	0	1	1	1	0	1	1	1	1	0	0	1	0	0	1	0	1	0	1	1	0	0	0	1	1	1	0	1	0	0	0	1	0	1	1	1	1	0	1	1	0	0	1	1	0	1	0	0	0	1	1	1	1	1	0	1	0	1	1	1	0	1	0	0	1	1	1	0	1	1	1	0	0	0	
5309	5931	1	1	1	1	0	0	1	0	1	1	1	1	1	0	1	0	1	0	1	1	1	0	1	1	0	1	1	0	0	1	0	0	1	1	0	0	1	1	1	1	1	1	0	1	1	1	0	1	0	0	1	0	0	1	0	1	1	0	0	0	0	0	0	1	0	0	0	0	1	1	1	0	1	1	0	1	0	1	1	1	0	1	1	1	1	0	0	1	0	1	1	0	1	0	1	1	0	0	0	1	1	1	0	0	0	0	0	1	0	1	1	1	1	1	1	1	0	0	1	1	0	1	0	0	0	1	1	1	1	1	0	1	0	1	1	1	0	1	1	0	1	1	1	0	1	1	1	1	0	0	
5296	5939	1	1	1	1	0	0	1	0	1	1	1	1	1	0	1	0	1	0	1	1	1	0	1	1	0	1	1	0	0	1	0	0	1	1	0	0	1	1	1	1	1	1	0	1	1	1	0	1	0	0	1	0	0	1	0	1	1	0	0	0	0	0	0	1	0	0	0	0	1	1	1	0	1	1	0	1	0	1	1	1	0	1	1	1	1	0	1	1	0	0	1	0	1	0	1	1	0	0	0	1	1	1	0	1	0	0	0	1	0	1	1	1	1	1	1	1	0	0	1	1	0	1	0	0	0	1	1	1	1	1	0	1	0	1	1	1	0	1	1	0	1	1	1	0	1	1	1	0	0	0	
5292	5941	1	1	1	1	0	0	1	0	1	1	1	1	1	0	0	0	1	0	1	1	1	0	1	1	0	1	1	0	0	1	0	0	1	1	0	0	1	1	1	1	1	1	0	1	1	1	0	1	0	0	1	0	0	1	0	1	1	0	0	0	0	0	0	1	0	0	1	0	1	1	1	0	1	1	0	1	0	1	1	1	0	1	1	1	1	0	0	1	0	0	1	0	1	0	1	1	0	0	0	1	1	1	0	0	0	0	0	1	0	1	1	1	1	1	1	1	0	0	1	1	1	1	0	0	0	1	1	1	1	1	0	1	0	1	1	1	0	1	1	0	1	1	1	0	1	1	1	1	0	0	
5289	5948	1	1	1	1	0	0	1	0	1	1	1	1	1	0	1	0	1	0	1	1	1	1	1	1	0	1	1	0	0	1	0	0	1	1	0	0	1	1	1	1	1	1	0	1	1	1	0	1	0	0	1	0	0	1	0	1	1	0	0	0	0	0	0	1	0	0	0	0	1	1	1	0	1	1	0	1	0	1	1	1	0	1	1	1	1	0	1	1	0	0	1	0	1	0	1	1	0	0	0	1	1	1	0	0	0	0	0	1	0	1	1	1	1	1	1	1	0	0	1	1	1	1	0	0	0	0	1	1	1	1	0	1	0	1	1	1	0	1	0	0	1	1	1	0	1	1	1	0	0	0	
5279	5951	1	1	1	1	0	0	1	0	1	1	1	0	1	0	1	0	1	0	1	1	1	0	1	1	0	1	1	0	0	1	0	0	1	1	1	0	1	1	1	1	1	1	0	1	1	1	1	1	0	0	1	0	0	1	0	1	1	0	0	0	0	0	0	1	0	0	0	0	1	1	1	0	1	1	0	1	0	1	1	1	0	1	1	1	1	0	1	1	0	0	1	0	1	0	1	1	0	0	0	1	1	1	0	0	0	0	0	1	0	1	1	1	1	1	1	1	0	0	1	1	0	1	0	0	0	0	1	1	1	1	0	1	0	1	1	1	0	1	1	0	1	1	1	0	1	1	1	1	0	0	
5275	5953	1	1	1	1	0	0	1	0	1	1	1	0	1	0	1	0	1	0	1	1	1	1	1	1	0	1	1	0	0	1	0	0	1	1	1	0	1	1	1	1	1	1	0	1	1	1	0	1	0	0	1	0	0	1	0	1	1	0	0	0	0	0	0	1	0	0	0	0	1	1	1	0	1	1	0	1	0	1	1	1	0	1	1	1	1	0	0	1	0	1	1	0	1	0	1	1	0	0	0	1	1	1	0	0	0	0	1	1	0	1	1	1	1	1	1	1	0	0	1	1	0	1	0	0	0	1	1	1	1	1	0	1	0	1	1	1	0	1	1	0	1	1	1	0	1	1	0	0	0	0	
5273	5956	1	1	1	1	0	0	1	0	1	1	1	1	1	0	1	0	1	0	1	1	0	0	1	1	0	1	1	0	0	1	0	0	1	1	1	0	1	1	1	1	1	1	0	1	1	1	0	1	0	0	1	0	0	1	0	1	1	0	0	0	0	0	0	1	0	0	0	0	1	1	1	0	1	1	0	1	0	1	1	1	0	1	1	1	1	0	0	1	0	1	1	0	1	0	1	1	0	0	0	1	1	1	0	1	0	0	0	1	0	1	1	1	1	1	1	1	0	0	1	1	0	1	0	0	0	1	1	1	1	1	0	1	0	1	1	1	0	1	0	0	1	1	1	0	1	1	1	1	0	0	
5270	5957	1	1	1	1	0	0	1	0	1	1	1	1	1	0	1	0	1	0	1	1	0	0	1	1	0	1	1	0	1	1	0	0	1	1	0	0	1	1	1	1	1	1	0	1	1	1	1	1	0	0	1	0	0	1	0	1	1	0	0	0	0	0	0	1	0	0	0	0	1	1	1	0	1	1	0	1	0	1	1	1	0	1	1	1	1	0	0	1	0	1	1	0	1	0	1	1	0	0	0	1	1	1	0	0	0	0	0	1	0	1	1	1	1	1	1	1	0	0	1	1	1	1	0	0	0	0	1	1	1	1	0	1	0	1	1	1	0	1	0	0	1	1	1	0	1	1	1	0	0	0	
5269	5960	1	1	1	1	0	0	1	0	1	1	1	1	1	0	1	0	1	0	1	1	1	0	1	1	0	1	1	0	0	1	0	0	1	1	1	0	1	1	1	1	1	1	0	1	1	1	0	1	0	0	1	0	0	1	0	1	1	0	0	0	0	0	0	1	0	0	0	0	1	1	1	0	1	1	0	1	0	1	1	1	0	1	1	1	1	0	1	1	0	0	1	0	1	0	1	1	0	0	0	1	1	1	1	0	0	0	0	1	0	1	1	1	1	1	1	1	0	0	1	1	1	1	0	0	0	0	1	1	1	1	0	1	0	1	1	1	0	1	0	0	1	1	1	0	1	1	1	0	0	0	
5268	5962	1	1	1	1	0	0	1	0	1	1	1	0	1	0	1	0	1	0	1	1	1	1	1	1	0	1	1	0	1	1	0	0	1	1	1	0	1	1	1	1	0	1	0	1	1	1	1	1	0	0	1	0	0	1	0	1	1	0	0	0	0	0	0	1	0	0	0	0	1	1	1	0	1	1	0	1	0	1	1	1	0	1	1	1	1	0	0	1	0	0	1	0	1	0	1	1	0	0	0	1	1	1	0	0	0	0	0	1	0	1	1	1	1	1	1	1	0	0	1	1	1	1	0	0	0	0	1	1	1	1	0	1	0	1	1	1	0	1	0	0	1	1	1	0	1	1	1	0	0	0	
5264	5963	1	1	1	1	0	0	1	0	1	1	1	0	1	0	0	0	1	0	1	1	1	0	1	1	0	1	1	0	1	1	0	0	1	1	0	0	1	1	1	1	1	1	0	1	1	1	1	1	0	0	1	0	0	1	0	1	1	0	0	0	0	0	0	1	0	0	0	0	1	1	1	0	1	1	0	1	0	1	1	1	0	1	1	1	1	0	0	1	0	1	1	0	1	0	1	1	0	0	0	1	1	1	0	0	0	0	0	1	0	1	1	1	1	0	1	1	0	0	1	1	1	1	0	0	0	1	1	1	1	1	0	1	0	1	1	1	0	1	0	0	1	1	1	0	1	1	1	0	0	0	
5263	5966	1	1	1	1	0	0	1	0	1	1	1	0	1	0	1	0	1	0	1	1	0	1	1	1	0	1	1	0	0	1	0	0	1	1	1	0	1	1	1	1	1	1	0	1	1	1	0	1	0	0	1	0	0	1	0	1	1	0	0	0	0	0	0	1	0	0	0	0	1	1	1	0	1	1	0	1	0	1	1	1	0	1	1	1	1	0	1	1	0	0	1	0	1	0	1	1	0	0	0	1	1	1	0	0	0	0	1	1	0	1	1	1	1	1	1	1	0	0	1	1	1	1	0	0	0	0	1	1	1	1	0	1	0	1	1	1	0	1	0	0	1	1	1	0	1	1	1	1	0	0	
5260	5969	1	1	1	1	0	0	1	0	1	1	1	0	1	0	0	0	1	0	1	1	1	0	1	1	0	1	1	0	1	1	0	0	1	1	0	0	1	1	1	1	1	1	0	1	1	1	1	1	0	0	1	0	0	1	0	1	1	0	0	0	0	0	0	1	0	0	0	0	1	1	1	0	1	1	0	1	0	1	1	1	0	1	1	1	1	0	0	1	0	0	1	0	1	0	1	1	1	0	0	1	1	1	0	0	0	0	0	1	0	1	1	1	1	0	1	1	0	0	1	1	1	1	0	0	0	1	1	1	1	1	0	1	0	1	1	1	0	1	1	0	1	1	1	0	1	1	1	0	0	0	
5258	5970	1	1	1	1	0	0	1	0	1	1	1	0	1	0	0	0	1	0	1	1	1	0	1	1	0	1	1	0	0	1	0	0	1	1	0	0	1	1	1	1	1	1	0	1	1	1	1	1	0	0	1	0	0	1	0	1	1	0	0	0	1	0	0	1	0	0	0	0	1	1	1	0	1	1	0	1	0	1	1	1	0	1	1	1	1	0	0	1	0	1	1	0	1	0	1	1	0	0	0	1	1	1	0	0	0	0	0	1	0	1	1	1	1	1	1	1	0	0	1	1	1	1	0	0	0	1	1	1	1	1	0	1	0	1	1	1	0	1	1	0	1	1	1	0	1	1	0	0	0	0	
5255	5978	1	1	1	1	0	0	1	0	1	1	1	1	1	0	1	0	1	0	1	1	1	0	1	1	0	1	1	0	0	1	0	0	1	1	1	0	1	1	1	1	1	1	0	1	1	1	0	1	0	0	1	0	0	1	0	1	1	0	0	0	0	0	0	1	0	0	0	0	1	1	1	0	1	1	0	1	0	1	1	1	0	1	1	1	1	0	0	1	0	1	1	0	1	0	1	1	0	0	0	1	1	1	0	0	0	0	0	1	0	1	1	1	1	0	1	1	0	0	1	1	1	1	0	0	0	0	1	1	1	1	0	1	0	1	1	1	0	1	0	0	1	1	1	0	1	1	1	1	0	0	
5251	5979	1	1	1	1	0	0	1	0	1	1	1	0	1	0	1	0	1	0	1	1	1	0	1	1	0	1	1	0	0	1	0	0	1	1	0	0	1	1	1	1	1	1	0	1	1	1	1	1	0	0	1	0	0	1	0	1	1	0	0	0	0	0	0	1	0	0	0	0	1	1	1	0	1	1	0	1	0	1	1	1	0	1	1	1	1	0	0	1	0	0	1	0	1	0	1	1	0	0	0	1	1	1	0	0	0	0	1	1	0	1	1	1	1	0	1	1	0	0	1	1	1	1	0	0	0	1	1	1	1	1	0	1	0	1	1	1	0	1	0	0	1	1	1	0	1	1	1	1	0	0	
5246	5986	1	1	1	1	0	0	1	0	1	1	1	0	1	0	1	0	1	0	1	1	1	1	1	1	0	1	1	0	0	1	0	0	1	1	0	0	1	1	1	1	1	1	0	1	1	1	1	1	0	0	1	0	0	1	0	1	1	0	0	0	0	0	0	1	0	0	0	0	1	1	1	0	1	1	0	1	0	1	1	1	0	1	1	1	1	0	1	1	0	1	1	0	1	0	1	1	0	0	0	1	1	1	0	0	0	0	0	1	0	1	1	1	1	0	1	1	0	0	1	1	0	1	0	0	0	0	1	1	1	1	0	1	0	1	1	1	0	1	0	0	1	1	1	0	1	1	1	0	0	0	
5239	5987	1	1	1	1	0	0	1	0	1	1	1	0	1	0	1	0	1	0	1	1	1	1	1	1	0	1	1	0	1	1	0	0	1	1	1	0	1	1	1	1	0	1	0	1	1	1	0	1	0	0	1	0	0	1	0	1	1	0	0	0	0	0	0	1	0	0	0	0	1	1	1	0	1	1	0	1	0	1	1	1	0	1	1	1	1	0	0	1	0	1	1	0	1	0	1	1	0	0	0	1	1	1	0	0	0	0	0	1	0	1	1	1	1	0	1	1	0	0	1	1	1	1	0	0	0	0	1	1	1	1	0	1	0	1	1	1	0	1	1	0	1	1	1	0	1	1	1	0	0	0	
5238	5989	1	1	1	1	0	0	1	0	1	1	1	0	1	0	1	0	1	0	1	1	1	0	1	1	0	1	1	0	0	1	0	0	1	1	0	0	1	1	1	1	1	1	0	1	1	1	1	1	0	0	1	0	0	1	0	1	1	0	0	0	0	0	0	1	0	0	0	0	0	1	1	0	1	1	0	1	0	1	1	1	0	1	1	1	1	0	1	1	0	1	1	0	1	0	1	1	0	0	0	1	1	1	0	0	0	0	1	1	0	1	1	1	1	1	1	1	0	0	1	1	0	1	0	0	0	1	1	1	1	1	0	1	0	1	1	1	0	1	1	0	1	1	1	0	1	1	1	0	0	0	
5237	5993	1	1	1	1	0	0	1	0	1	1	1	1	1	0	1	0	1	0	1	1	1	0	1	1	0	1	1	0	0	1	0	0	1	1	0	0	1	1	1	1	1	1	0	1	1	1	1	1	0	0	1	0	0	1	0	1	1	0	0	0	0	0	0	1	0	0	0	0	1	1	1	0	1	1	0	1	0	1	1	1	0	1	1	1	1	0	0	1	0	1	1	0	1	0	1	1	0	0	0	1	1	1	0	1	0	0	0	1	0	1	1	1	1	1	1	1	0	0	1	1	0	1	0	0	0	0	1	1	1	1	0	1	0	1	1	1	0	1	0	0	1	1	1	0	1	1	1	0	0	0	
5235	5995	1	1	1	1	0	0	1	0	1	1	1	0	1	0	0	0	1	0	1	1	0	0	1	1	0	1	1	0	1	1	0	0	1	1	1	0	1	1	1	1	1	1	0	1	1	1	0	1	0	0	1	0	0	1	0	1	1	0	0	0	0	0	0	1	0	0	0	0	1	1	1	0	1	1	0	1	0	1	1	1	0	1	1	1	1	0	0	1	0	1	1	0	1	0	1	1	0	0	0	1	1	1	0	1	0	0	0	1	0	1	1	1	1	1	1	1	0	0	1	1	1	1	0	0	0	1	1	1	1	1	0	1	0	1	1	1	0	1	1	0	1	1	1	0	1	1	1	0	0	0	
5230	5996	1	1	1	1	0	0	1	0	1	1	1	1	1	0	1	0	1	0	1	1	1	0	1	1	0	1	1	0	0	1	0	0	1	1	1	0	1	1	1	1	1	1	0	1	1	1	1	1	0	0	1	0	0	1	0	1	1	0	0	0	0	0	0	1	0	0	0	0	0	1	1	0	1	1	0	1	0	1	1	1	0	1	1	1	1	0	0	1	0	0	1	0	1	0	1	1	0	0	0	1	1	1	1	0	0	0	0	1	0	1	1	1	1	1	1	1	0	0	1	1	1	1	0	0	0	1	1	1	1	1	0	1	0	1	1	1	0	1	0	0	1	1	1	0	1	1	1	0	0	0	
5227	5999	1	1	1	1	0	0	1	0	1	1	1	1	1	0	1	0	1	0	1	1	1	1	1	1	0	1	1	0	0	1	0	0	1	1	0	0	1	1	1	1	1	1	0	1	1	1	1	1	0	0	1	0	0	1	0	1	1	0	0	0	0	0	0	1	0	0	0	0	0	1	1	0	1	1	0	1	0	1	1	1	0	1	1	1	1	0	0	1	0	0	1	0	1	0	1	1	0	0	0	1	1	1	0	0	0	0	0	1	0	1	1	1	1	0	1	1	0	0	1	1	1	1	0	0	0	0	1	1	1	1	0	1	0	1	1	1	0	1	1	0	1	1	1	0	1	1	1	1	0	0	
5224	6004	1	1	1	1	0	0	1	0	1	1	1	1	1	0	0	0	1	0	1	1	1	0	1	1	0	1	1	0	0	1	0	0	1	1	0	0	1	1	1	1	1	1	0	1	1	1	0	1	0	0	1	0	0	1	0	1	1	0	0	0	0	0	0	1	0	0	0	0	1	1	1	0	1	1	0	1	0	1	1	1	0	1	1	1	1	0	0	1	0	1	1	0	1	0	1	1	0	0	0	1	1	1	1	1	0	0	0	1	0	1	1	1	1	0	1	1	0	0	1	1	1	1	0	0	0	1	1	1	1	1	0	1	0	1	1	1	0	1	0	0	1	1	1	0	1	1	1	0	0	0	
5222	6008	1	1	1	1	0	0	1	0	1	1	1	0	1	0	1	0	1	0	1	1	1	0	1	1	0	1	1	0	0	1	0	0	1	1	1	0	1	1	1	1	1	1	0	1	1	1	1	1	0	0	1	0	0	1	0	1	1	0	0	0	0	0	0	1	0	0	0	0	0	1	1	0	1	1	0	1	0	1	1	1	0	1	1	1	1	0	1	1	0	0	1	0	1	0	1	1	0	0	0	1	1	1	0	0	0	0	0	1	0	1	1	1	1	1	1	1	0	0	1	1	1	1	0	0	0	1	1	1	1	1	0	1	0	1	1	1	0	1	1	0	1	1	1	0	1	1	1	0	0	0	
5215	6010	1	1	1	1	0	0	1	0	1	1	1	0	1	0	1	0	1	0	1	1	1	1	1	1	0	1	1	0	0	1	0	0	1	1	1	0	1	1	1	1	1	1	0	1	1	1	0	1	0	0	1	0	0	1	0	1	1	0	0	0	0	0	0	1	0	0	0	0	1	1	1	0	1	1	0	1	0	1	1	1	0	1	1	1	1	0	0	1	0	0	1	0	1	0	1	1	0	0	0	1	1	1	1	0	0	0	1	1	0	1	1	1	1	1	1	1	0	0	1	1	1	1	0	0	0	0	1	1	1	1	0	1	0	1	1	1	0	1	0	0	1	1	1	0	1	1	1	0	0	0	
5213	6013	1	1	1	1	0	0	1	0	1	1	1	0	1	0	1	0	1	0	1	1	1	1	1	1	0	1	1	0	0	1	0	0	1	1	1	0	1	1	1	1	1	1	0	1	1	1	0	1	0	0	1	0	0	1	0	1	1	0	0	0	0	0	0	1	0	0	0	0	1	1	0	0	1	1	0	1	0	1	1	1	0	1	1	1	1	0	0	1	0	1	1	0	1	0	1	1	0	0	0	1	1	1	0	0	0	0	0	1	0	1	1	1	1	0	1	1	0	0	1	1	1	1	0	0	0	1	1	1	1	1	0	1	0	1	1	1	0	1	0	0	1	1	1	0	1	1	1	0	0	0	
5210	6014	1	1	1	1	0	0	1	0	1	1	1	0	1	0	1	0	1	0	1	1	1	0	1	1	0	1	1	0	0	1	0	0	1	1	1	0	1	1	1	1	1	1	0	1	1	1	1	1	0	0	1	0	0	1	0	1	1	0	0	0	0	0	0	1	0	0	0	0	1	1	1	0	1	1	0	1	0	1	1	1	0	1	1	1	1	0	1	1	0	0	1	0	1	0	1	1	0	0	0	1	1	1	1	0	0	0	0	1	0	1	1	1	1	1	1	1	0	0	1	1	1	1	0	0	0	1	1	1	1	1	0	1	0	1	1	1	0	1	0	0	0	1	1	0	1	1	1	0	0	0	
5207	6018	1	1	1	1	0	0	1	0	1	1	1	1	1	0	1	0	1	0	1	1	1	0	1	1	0	1	1	0	0	1	0	0	1	1	0	0	1	1	1	1	1	1	0	1	1	1	0	1	0	0	1	0	0	1	0	1	1	0	0	0	0	0	0	1	0	0	1	0	1	1	1	0	1	1	0	1	0	1	1	1	0	1	1	1	1	0	0	1	0	1	1	0	1	0	1	1	0	0	0	1	1	1	0	0	0	0	0	1	0	1	1	1	1	1	1	1	0	0	1	1	1	1	0	0	0	1	1	1	1	1	0	1	0	1	1	1	0	1	1	0	0	1	1	0	1	1	1	0	0	0	
5206	6021	1	1	1	1	0	0	1	0	1	1	1	0	1	0	0	0	1	0	1	1	1	0	1	1	0	1	1	0	0	1	0	0	1	1	1	0	1	1	1	1	1	1	0	1	1	1	1	1	0	0	1	0	0	1	0	1	1	0	0	0	0	0	0	1	0	0	0	0	1	1	1	0	1	1	0	1	0	1	1	1	0	1	1	1	1	0	0	1	0	1	1	0	1	0	1	1	0	0	0	1	1	1	0	1	0	0	0	1	0	1	1	1	1	0	1	1	0	0	1	1	1	1	0	0	0	1	1	1	1	1	0	1	0	1	1	1	0	1	1	0	1	1	1	0	1	1	0	0	0	0	
5200	6022	1	1	1	1	0	0	1	0	1	1	1	1	1	0	1	0	1	0	1	1	1	0	1	1	0	1	1	0	0	1	0	0	1	1	1	0	1	1	1	1	1	1	0	1	1	1	0	1	0	0	1	0	0	1	0	1	1	0	0	0	1	0	0	1	0	0	0	0	0	1	1	0	1	1	0	1	0	1	1	1	0	1	1	1	1	0	0	1	0	0	1	0	1	0	1	1	0	0	0	1	1	1	0	1	0	0	0	1	0	1	1	1	1	1	1	1	0	0	1	1	1	1	0	0	0	0	1	1	1	1	0	1	0	1	1	1	0	1	1	0	1	1	1	0	1	1	1	0	0	0	
5198	6027	1	1	1	1	0	0	1	0	1	1	1	1	1	0	1	0	1	0	1	1	1	1	1	1	0	1	1	0	0	1	0	0	1	1	1	0	1	1	1	1	1	1	0	1	1	1	0	1	0	0	1	0	0	1	0	1	1	0	0	0	0	0	0	1	0	0	0	0	0	1	0	0	1	1	0	1	0	1	1	1	0	1	1	1	1	0	0	1	0	0	1	0	1	0	1	1	0	0	0	1	1	1	0	1	0	0	0	1	0	1	1	1	1	0	1	1	0	0	1	1	1	1	0	0	0	1	1	1	1	1	0	1	0	1	1	1	0	1	1	0	1	1	1	0	1	1	1	0	0	0	
5194	6028	1	1	1	1	0	0	1	0	1	1	1	0	1	0	0	0	1	0	1	1	1	1	1	1	0	1	1	0	0	1	0	0	1	1	0	0	1	1	1	1	1	1	0	1	1	1	0	1	0	0	1	0	0	1	0	1	1	0	0	0	0	0	0	1	0	0	0	0	1	1	1	0	1	1	0	1	0	1	1	1	0	1	1	1	1	0	0	1	0	1	1	0	1	0	1	1	0	0	0	1	1	1	0	1	0	0	1	1	0	1	1	1	1	1	1	1	0	0	1	1	1	1	0	0	0	0	1	1	1	1	0	1	0	1	1	1	0	1	0	0	1	1	1	0	1	1	1	0	0	0	
5192	6031	1	1	1	1	0	0	1	0	1	1	1	0	1	0	1	0	1	0	1	1	1	1	1	1	0	1	1	0	0	1	0	0	1	1	1	0	1	1	1	1	1	1	0	1	1	1	0	1	0	0	1	0	0	1	0	1	1	0	0	0	0	0	0	1	0	0	0	0	0	1	1	0	1	1	0	1	0	1	1	1	0	1	1	1	1	0	0	1	0	1	1	0	1	0	1	1	0	0	0	1	1	1	0	0	0	0	1	1	0	1	1	1	1	0	1	1	0	0	1	1	1	1	0	0	0	1	1	1	1	1	0	1	0	1	1	1	0	1	0	0	1	1	1	0	1	1	1	0	0	0	
5189	6032	1	1	1	1	0	0	1	0	1	1	1	0	1	0	0	0	1	0	1	1	1	0	1	1	0	1	1	0	0	1	0	0	1	1	0	0	1	1	1	1	1	1	0	1	1	1	1	1	0	0	1	0	0	1	0	1	1	0	0	0	0	0	0	1	0	0	0	0	1	1	1	0	1	1	0	1	0	1	1	1	0	1	1	1	1	0	1	1	0	1	1	0	1	0	1	1	0	0	0	1	1	1	0	1	0	0	0	1	0	1	1	1	1	1	1	1	0	0	1	1	1	1	0	0	0	1	1	1	1	1	0	1	0	1	1	1	0	1	0	0	0	1	1	0	1	1	1	0	0	0	
5188	6038	1	1	1	1	0	0	1	0	1	1	1	0	1	0	1	0	1	0	1	1	1	0	1	1	0	1	1	0	0	1	0	0	1	1	0	0	1	1	1	1	1	1	0	1	1	1	1	1	0	0	1	0	0	1	0	1	1	0	0	0	0	0	0	1	0	0	0	0	1	1	1	0	1	1	0	1	0	1	1	1	0	1	1	1	1	0	0	1	0	0	1	0	1	0	1	1	0	0	0	1	1	1	0	1	0	0	0	1	0	1	1	1	1	0	1	1	0	0	1	1	1	1	0	0	0	1	1	1	1	1	0	1	0	1	1	1	0	1	1	0	1	1	1	0	1	1	1	0	0	0	
5183	6041	1	1	1	1	0	0	1	0	1	1	1	1	1	0	1	0	1	0	1	1	1	0	1	1	0	1	1	0	0	1	0	0	1	1	1	0	1	1	1	1	1	1	0	1	1	1	1	1	0	0	1	0	0	1	0	1	1	0	0	0	0	0	0	1	0	0	0	0	0	1	1	0	1	1	0	1	0	1	1	1	0	1	1	1	1	0	0	1	0	1	1	0	1	0	1	1	1	0	0	1	1	1	0	0	0	0	0	1	0	1	1	1	1	0	1	1	0	0	1	1	1	1	0	0	0	0	1	1	1	1	0	1	0	1	1	1	0	1	0	0	1	1	1	0	1	1	1	0	0	0	
5176	6042	1	1	1	1	0	0	1	0	1	1	1	0	1	0	0	0	1	0	1	1	1	0	1	1	0	1	1	0	0	1	0	0	1	1	1	0	1	1	1	1	1	1	0	1	1	1	1	1	0	0	1	0	0	1	0	1	1	0	0	0	0	0	0	1	0	0	0	0	0	1	1	0	1	1	0	1	0	1	1	1	0	1	1	1	1	0	0	1	0	0	1	0	1	0	1	1	1	0	0	1	1	1	0	1	0	0	1	1	0	1	1	1	1	1	1	1	0	0	1	1	1	1	0	0	0	1	1	1	1	1	0	1	0	1	1	1	0	1	0	0	1	1	1	0	1	1	1	0	0	0	
5175	6046	1	1	1	1	0	0	1	0	1	1	1	0	1	0	1	0	1	0	1	1	1	0	1	1	0	1	1	0	0	1	0	0	1	1	1	0	1	1	1	1	1	1	0	1	1	1	1	1	0	0	1	0	0	1	0	1	1	0	0	0	0	0	0	1	0	0	0	0	1	1	1	0	1	1	0	1	0	1	1	1	0	1	1	1	1	0	0	1	0	1	1	0	1	0	1	1	0	0	0	1	1	1	0	0	0	0	0	1	0	1	1	1	1	1	1	1	0	0	1	1	1	1	0	0	0	0	1	1	1	1	0	1	0	1	1	1	0	1	1	0	0	1	1	0	1	1	1	1	0	0	
5170	6049	1	1	1	1	0	0	1	0	1	1	1	0	1	0	1	0	1	0	1	1	1	1	1	1	0	1	1	0	0	1	0	0	1	1	1	0	1	1	1	1	1	1	0	1	1	1	0	1	0	0	1	0	0	1	0	1	1	0	0	0	0	0	0	1	0	0	0	0	1	1	1	0	1	1	0	1	0	1	1	1	0	1	1	1	1	0	0	1	0	0	1	0	1	0	1	1	0	0	0	1	1	1	0	1	0	0	0	1	0	1	1	1	1	1	1	1	0	0	1	1	1	1	0	0	0	1	1	1	1	1	0	1	0	1	1	1	0	1	1	0	0	1	1	0	1	1	1	0	0	0	
5165	6052	1	1	1	1	0	0	1	0	1	1	1	0	1	0	1	0	1	0	1	1	0	1	1	1	0	1	1	0	0	1	0	0	1	1	1	0	1	1	1	1	1	1	0	1	1	1	0	1	0	0	1	0	0	1	0	1	1	0	0	0	0	0	0	1	0	0	0	0	1	1	1	0	1	1	0	1	0	1	1	1	0	1	1	1	1	0	1	1	0	1	1	0	1	0	1	1	0	0	0	1	1	1	0	1	0	0	0	1	0	1	1	1	1	0	1	1	0	0	1	1	1	1	0	0	0	1	1	1	1	1	0	1	0	1	1	1	0	1	0	0	0	1	1	0	1	1	1	0	0	0	
5164	6053	1	1	1	1	0	0	1	0	1	1	1	0	1	0	0	0	1	0	1	1	1	0	1	1	0	1	1	1	0	1	0	0	1	1	0	0	1	1	1	1	1	1	0	1	1	1	1	1	0	0	1	0	0	1	0	1	1	0	0	0	0	0	0	1	0	0	0	0	1	1	1	0	1	1	0	1	0	1	1	1	0	1	1	1	1	0	0	1	0	1	1	0	1	0	1	1	1	0	0	1	1	1	0	0	0	0	0	1	0	1	1	1	1	0	1	1	0	0	1	1	1	1	0	0	0	0	1	1	1	1	0	1	0	1	1	1	0	1	1	0	1	1	1	0	1	1	1	0	0	0	
5163	6056	1	1	1	1	0	0	1	0	1	1	1	0	1	0	1	0	1	0	1	1	1	0	1	1	0	1	1	0	0	1	0	0	1	1	1	0	1	1	1	1	1	1	0	1	1	1	0	1	0	0	1	0	0	1	0	1	1	0	0	0	0	0	0	1	0	0	0	0	1	1	1	0	1	1	0	1	0	1	1	1	0	1	1	1	1	0	0	1	0	1	1	0	1	0	1	1	0	0	0	1	1	1	0	1	0	0	1	1	0	1	1	1	1	1	1	1	0	0	1	1	1	1	0	0	0	1	1	1	1	1	0	1	0	1	1	1	0	1	0	0	0	1	1	0	1	1	1	0	0	0	
5161	6061	1	1	1	1	0	0	1	0	1	1	1	0	1	0	1	0	1	0	1	1	0	1	1	1	0	1	1	0	0	1	0	0	1	1	1	0	1	1	1	1	1	1	0	1	1	1	1	1	0	0	1	0	0	1	0	1	1	0	0	0	0	0	0	1	0	0	0	0	0	1	1	0	1	1	0	1	0	1	1	1	0	1	1	1	1	0	0	1	0	0	1	0	1	0	1	1	0	0	0	1	1	1	0	1	0	0	0	1	0	1	1	1	1	1	1	1	0	0	1	1	1	1	0	0	0	1	1	1	1	1	0	1	0	1	1	1	0	1	1	0	1	1	1	0	1	1	1	0	0	0	
5150	6063	1	1	1	1	0	0	1	0	1	1	1	0	1	0	1	0	1	0	1	1	0	1	1	1	0	1	1	0	0	1	0	0	1	1	1	0	1	1	1	1	1	1	0	1	1	1	1	1	0	0	1	0	0	1	0	1	1	0	0	0	0	0	0	1	0	0	0	0	0	1	1	0	1	1	0	1	0	1	1	1	0	1	1	1	1	0	0	1	0	1	1	0	1	0	1	1	0	0	0	1	1	1	1	0	0	0	1	1	0	1	1	1	1	1	1	1	0	0	1	1	1	1	0	0	0	0	1	1	1	1	0	1	0	1	1	1	0	1	0	0	1	1	1	0	1	1	1	0	0	0	
5147	6067	1	1	1	1	0	0	1	0	1	1	1	0	1	0	0	0	1	0	1	1	1	0	1	1	0	1	1	0	0	1	0	0	1	1	1	0	1	1	1	1	1	1	0	1	1	1	0	1	0	0	1	0	0	1	0	1	1	0	0	0	0	0	0	1	0	0	0	0	0	1	1	0	1	1	0	1	0	1	1	1	0	1	1	1	1	0	0	1	0	1	1	0	1	0	1	1	1	0	0	1	1	1	0	1	0	0	1	1	0	1	1	1	1	0	1	1	0	0	1	1	1	1	0	0	0	1	1	1	1	1	0	1	0	1	1	1	0	1	1	0	1	1	1	0	1	1	1	0	0	0	
5144	6072	1	1	1	1	0	0	1	0	1	1	1	0	1	0	0	0	1	0	1	1	1	0	1	1	0	1	1	0	0	1	0	0	1	1	0	0	1	1	1	1	1	1	0	1	1	1	1	1	0	0	1	0	0	1	0	1	1	0	0	0	0	0	0	1	0	0	0	0	1	1	1	0	1	1	0	1	0	1	1	1	0	1	1	1	1	0	0	1	0	1	1	0	1	0	1	1	0	0	0	1	1	1	1	1	0	0	0	1	0	1	1	1	1	1	1	1	0	0	1	1	1	1	0	0	0	1	1	1	1	1	0	1	0	1	1	1	0	1	1	0	0	1	1	0	1	1	1	0	0	0	
5140	6073	1	1	1	1	0	0	1	0	1	1	1	0	1	0	1	0	1	0	1	1	1	0	1	1	0	1	1	1	0	1	0	0	1	1	1	0	1	1	1	1	1	1	0	1	1	1	1	1	0	0	1	0	0	1	0	1	1	0	0	0	0	0	0	1	0	0	0	0	0	1	1	0	1	1	0	1	0	1	1	1	0	1	1	1	1	0	0	1	0	1	1	0	1	0	1	1	0	0	0	1	1	1	0	0	0	0	1	1	0	1	1	1	1	1	1	1	0	0	1	1	1	1	0	0	0	1	1	1	1	1	0	1	0	1	1	1	0	1	0	0	0	1	1	0	1	1	1	0	0	0	
5139	6076	1	1	1	1	0	0	1	0	1	1	1	1	1	0	1	0	1	0	1	1	1	1	1	1	0	1	1	0	0	1	0	0	1	1	1	0	1	1	1	1	1	1	0	1	1	1	0	1	0	0	1	0	0	1	0	1	1	0	0	0	0	0	0	1	0	0	0	0	0	1	1	0	1	1	0	1	0	1	1	1	0	1	1	1	1	0	0	1	0	1	1	0	1	0	1	1	0	0	0	1	1	1	0	1	0	0	0	1	0	1	1	1	1	1	1	1	0	0	1	1	1	1	0	0	0	0	1	1	1	1	0	1	0	1	1	1	0	1	1	0	0	1	1	0	1	1	1	0	0	0	
5135	6077	1	1	1	1	0	0	1	0	1	1	1	0	1	0	1	0	1	0	1	1	1	1	1	1	0	1	1	0	0	1	0	0	1	1	0	0	1	1	1	1	1	1	0	1	1	1	1	1	0	0	1	0	0	1	0	1	1	0	0	0	0	0	0	1	0	0	0	0	0	1	1	0	1	1	0	1	0	1	1	1	0	1	1	1	1	0	0	1	0	0	1	0	1	0	1	1	0	0	0	1	1	1	0	1	0	0	1	1	0	1	1	1	1	1	1	1	0	0	1	1	1	1	0	0	0	1	1	1	1	1	0	1	0	1	1	1	0	1	1	0	0	1	1	0	1	1	1	0	0	0	
5132	6079	1	1	1	1	0	0	1	0	1	1	1	0	1	0	1	0	1	0	1	1	1	0	1	1	0	1	1	0	0	1	0	0	1	1	0	0	1	1	1	1	1	1	0	1	1	1	1	1	0	0	1	0	0	1	0	1	1	0	0	0	0	0	0	1	0	0	0	0	1	1	1	0	1	1	0	1	0	1	1	1	0	1	1	1	1	0	0	1	0	1	1	0	1	0	1	1	0	0	0	1	1	1	0	1	0	0	0	1	0	1	1	1	1	0	1	1	0	0	1	1	1	1	0	0	0	1	1	1	1	1	0	1	0	1	1	1	0	1	1	0	0	1	1	0	1	1	1	0	0	0	
5124	6086	1	1	1	1	0	0	1	0	1	1	1	0	1	0	1	0	1	0	1	1	1	0	1	1	0	1	1	0	0	1	0	0	1	1	1	0	1	1	1	1	1	1	0	1	1	1	1	1	0	0	1	0	0	1	0	1	1	0	0	0	1	0	0	1	0	0	0	0	1	1	0	0	1	1	0	1	0	1	1	1	0	1	1	1	1	0	0	1	0	1	1	0	1	0	1	1	0	0	0	1	1	1	0	1	0	0	0	1	0	1	1	1	1	0	1	1	0	0	1	1	1	1	0	0	0	0	1	1	1	1	0	1	0	1	1	1	0	1	0	0	0	1	1	0	1	1	1	0	0	0	
5118	6087	1	1	1	1	0	0	1	0	1	1	1	0	1	0	1	0	1	0	1	1	1	1	1	1	0	1	1	0	0	1	0	0	1	1	0	0	1	1	1	1	1	1	0	1	1	1	1	1	0	0	1	0	0	1	0	1	1	0	0	0	0	0	0	1	0	0	0	0	1	1	0	0	1	1	0	1	0	1	1	1	0	1	1	1	1	0	0	1	0	1	1	0	1	0	1	1	0	0	0	1	1	1	0	1	0	0	1	1	0	1	1	1	1	0	1	1	0	0	1	1	1	1	0	0	0	0	1	1	1	1	0	1	0	1	1	1	0	1	0	0	0	1	1	0	1	1	1	0	0	0	
5116	6091	1	1	1	1	0	0	1	0	1	1	1	0	1	0	1	0	1	0	1	1	0	1	1	1	0	1	1	0	0	1	0	0	1	1	1	0	1	1	1	1	1	1	0	1	1	1	1	1	0	0	1	0	0	1	0	1	1	0	0	0	0	0	0	1	0	0	1	0	1	1	1	0	1	1	0	1	0	1	1	1	0	1	1	1	1	0	0	1	0	0	1	0	1	0	1	1	0	0	0	1	1	1	0	1	0	0	0	1	0	1	1	1	1	1	1	1	0	0	1	1	1	1	0	0	0	0	1	1	1	1	0	1	0	1	1	1	0	1	1	0	0	1	1	0	1	1	1	0	0	0	
5111	6092	1	1	1	1	0	0	1	0	1	1	1	0	1	0	1	0	1	0	1	1	0	1	1	1	0	1	1	0	0	1	0	0	1	1	1	0	1	1	1	1	1	1	0	1	1	1	1	1	0	0	1	0	0	1	0	1	1	0	0	0	0	0	0	1	0	0	0	0	1	1	0	0	1	1	0	1	0	1	1	1	0	1	1	1	1	0	0	1	0	1	1	0	1	0	1	1	1	0	0	1	1	1	1	0	0	0	0	1	0	1	1	1	1	1	1	1	0	0	1	1	1	1	0	0	0	0	1	1	1	1	0	1	0	1	1	1	0	1	1	0	0	1	1	0	1	1	1	0	0	0	
5109	6098	1	1	1	1	0	0	1	0	1	1	1	0	1	0	1	0	1	0	1	1	0	0	1	1	0	1	1	0	0	1	0	0	1	1	1	0	1	1	1	1	1	1	0	1	1	1	1	1	0	0	1	0	0	1	0	1	1	0	0	0	0	0	0	1	0	0	1	0	1	1	1	0	1	1	0	1	0	1	1	1	0	1	1	1	1	0	0	1	0	1	1	0	1	0	1	1	0	0	0	1	1	1	0	1	0	0	1	1	0	1	1	1	1	1	1	1	0	0	1	1	1	1	0	0	0	0	1	1	1	1	0	1	0	1	1	1	0	1	0	0	0	1	1	0	1	1	1	0	0	0	
5103	6099	1	1	1	1	0	0	1	0	1	1	1	0	1	0	1	0	1	0	1	1	1	0	1	1	0	1	1	0	0	1	0	0	1	1	1	0	1	1	1	1	1	1	0	1	1	1	1	1	0	0	1	0	0	1	0	1	1	0	0	0	0	0	0	1	0	0	1	0	0	1	1	0	1	1	0	1	0	1	1	1	0	1	1	1	1	0	0	1	0	0	1	0	1	0	1	1	0	0	0	1	1	1	0	1	0	0	1	1	0	1	1	1	1	0	1	1	0	0	1	1	1	1	0	0	0	1	1	1	1	1	0	1	0	1	1	1	0	1	1	0	0	1	1	0	1	1	1	0	0	0	
5101	6101	1	1	1	1	0	0	1	0	1	1	1	0	1	0	1	0	1	0	1	1	1	1	1	1	0	1	1	0	0	1	0	0	1	1	0	0	1	1	1	1	1	1	0	1	1	1	1	1	0	0	1	0	0	1	0	1	1	0	0	0	0	0	0	1	0	0	0	0	0	1	1	0	1	1	0	1	0	1	1	1	0	1	1	1	1	0	0	1	0	1	1	0	1	0	1	1	0	0	0	1	1	1	0	0	0	0	0	1	1	1	1	1	1	1	1	1	0	0	1	1	1	1	0	0	0	0	1	1	1	1	0	1	0	1	1	1	0	1	1	0	0	1	1	0	1	1	1	0	0	0	
5099	6102	1	1	1	1	0	0	1	0	1	1	1	0	1	0	1	0	1	0	1	1	0	1	1	1	0	1	1	0	0	1	0	0	1	1	1	0	1	1	1	1	1	1	0	1	1	1	1	1	0	0	1	0	0	1	0	1	1	0	0	0	0	0	0	1	0	0	1	0	1	1	0	0	1	1	0	1	0	1	1	1	0	1	1	1	1	0	0	1	0	1	1	0	1	0	1	1	1	0	0	1	1	1	0	0	0	0	0	1	0	1	1	1	1	0	1	1	0	0	1	1	1	1	0	0	0	0	1	1	1	1	0	1	0	1	1	1	0	1	1	0	0	1	1	0	1	1	1	0	0	0	
5094	6106	1	1	1	1	0	0	1	0	1	1	1	0	1	0	0	0	1	0	1	1	1	1	1	1	0	1	1	0	0	1	0	0	1	1	1	0	1	1	1	1	1	1	0	1	1	1	1	1	0	0	1	0	0	1	0	1	1	0	0	0	0	0	0	1	0	0	0	0	0	1	0	0	1	1	0	1	0	1	1	1	0	1	1	1	1	0	0	1	0	1	1	0	1	0	1	1	0	0	0	1	1	1	1	1	0	0	0	1	0	1	1	1	1	0	1	1	0	0	1	1	1	1	0	0	0	1	1	1	1	1	0	1	0	1	1	1	0	1	1	0	0	1	1	0	1	1	1	0	0	0	
5090	6107	1	1	1	1	0	0	1	0	1	1	1	0	1	0	1	0	1	0	1	1	0	0	1	1	0	1	1	0	0	1	0	0	1	1	0	0	1	1	1	1	1	1	0	1	1	1	1	1	0	0	1	0	0	1	0	1	1	0	0	0	1	0	0	1	0	0	0	0	0	1	1	0	1	1	0	1	0	1	1	1	0	1	1	1	1	0	0	1	0	1	1	0	1	0	1	1	0	0	0	1	1	1	1	1	0	0	1	1	0	1	1	1	1	0	1	1	0	0	1	1	1	1	0	0	0	1	1	1	1	1	0	1	0	1	1	1	0	1	1	0	0	1	1	0	1	1	1	0	0	0	
5089	6108	1	1	1	1	0	0	1	0	1	1	1	0	1	0	1	1	1	0	1	1	0	1	1	1	0	1	1	0	0	1	0	0	1	1	1	0	1	1	1	1	1	1	0	1	1	1	1	1	0	0	1	0	0	1	0	1	1	0	0	0	0	0	0	1	0	0	1	0	0	1	1	0	1	1	0	1	0	1	1	1	0	1	1	1	1	0	0	1	0	0	1	0	1	0	1	1	0	0	0	1	1	1	0	1	0	0	0	1	0	1	1	1	1	0	1	1	0	0	1	1	1	1	0	0	0	0	1	1	1	1	0	1	0	1	1	1	0	1	0	0	1	1	1	0	1	1	1	0	0	0	
5087	6113	1	1	1	1	0	0	1	0	1	1	1	0	1	0	1	0	1	0	1	1	0	1	1	1	0	1	1	1	0	1	0	0	1	1	0	0	1	1	1	1	1	1	0	1	1	1	1	1	0	0	1	0	0	1	0	1	1	0	0	0	0	0	0	1	0	0	0	0	1	1	1	0	1	1	0	1	0	1	1	1	0	1	1	1	1	0	0	1	0	1	1	0	1	0	1	1	0	0	0	1	1	1	0	1	0	0	0	1	0	1	1	1	1	0	1	1	0	0	1	1	1	1	0	0	0	0	1	1	1	1	0	1	0	1	1	1	0	1	1	0	0	1	1	0	1	1	1	0	0	0	
5079	6124	1	1	1	1	0	0	1	0	1	1	1	0	1	0	0	0	1	0	1	1	1	1	1	1	0	1	1	0	0	1	0	0	1	1	1	0	1	1	1	1	1	1	0	1	1	1	1	1	0	0	1	0	0	1	0	1	1	0	0	0	0	0	0	1	0	0	1	0	0	1	1	0	1	1	0	1	0	1	1	1	0	1	1	1	1	0	0	1	0	1	1	0	1	0	1	1	0	0	0	1	1	1	0	1	0	0	0	1	0	1	1	1	1	0	1	1	0	0	1	1	1	1	0	0	0	0	1	1	1	1	0	1	0	1	1	1	0	1	1	0	0	1	1	0	1	1	1	0	0	0	
5067	6125	1	1	1	1	0	0	1	0	1	1	1	0	1	0	1	0	1	0	1	1	0	0	1	1	0	1	1	1	0	1	0	0	1	1	1	0	1	1	1	1	1	1	0	1	1	1	1	1	0	0	1	0	0	1	0	1	1	0	0	0	0	0	0	1	0	0	0	0	1	1	1	0	1	1	0	1	0	1	1	1	0	1	1	1	1	0	0	1	0	1	1	0	1	0	1	1	0	0	0	1	1	1	1	1	0	0	0	1	0	1	1	1	1	0	1	1	0	0	1	1	1	1	0	0	0	0	1	1	1	1	0	1	0	1	1	1	0	1	1	0	0	1	1	0	1	1	1	0	0	0	
5065	6126	1	1	1	1	0	0	1	0	1	1	1	0	1	0	1	0	1	0	1	1	0	1	1	1	0	1	1	0	0	1	0	0	1	1	1	0	1	1	1	1	1	1	0	1	1	1	1	1	0	0	1	0	0	1	0	1	1	0	0	0	0	0	0	1	0	0	0	0	0	1	1	0	1	1	0	1	0	1	1	1	0	1	1	1	1	0	0	1	0	1	1	0	1	0	1	1	0	0	0	1	1	1	0	1	0	0	0	1	1	1	1	1	1	1	1	1	0	0	1	1	1	1	0	0	0	0	1	1	1	1	0	1	0	1	1	1	0	1	0	0	0	1	1	0	1	1	1	0	0	0	
5057	6127	1	1	1	1	0	0	1	0	1	1	1	0	1	0	0	1	1	0	1	1	1	0	1	1	0	1	1	0	0	1	0	0	1	1	1	0	1	1	1	1	1	1	0	1	1	1	0	1	0	0	1	0	0	1	0	1	1	0	0	0	0	0	0	1	0	0	1	0	0	1	1	0	1	1	0	1	0	1	1	1	0	1	1	1	1	0	0	1	0	1	1	0	1	0	1	1	1	0	0	1	1	1	0	1	0	0	0	1	0	1	1	1	1	0	1	1	0	0	1	1	1	1	0	0	0	1	1	1	1	1	0	1	0	1	1	1	0	1	1	0	0	1	1	0	1	1	1	0	0	0	
5056	6130	1	1	1	1	0	0	1	0	1	1	1	0	1	0	1	1	1	0	1	1	0	1	1	1	0	1	1	0	0	1	0	0	1	1	0	0	1	1	1	1	1	1	0	1	1	1	1	1	0	0	1	0	0	1	0	1	1	0	0	0	0	0	0	1	0	0	0	0	0	1	1	0	1	1	0	1	0	1	1	1	0	1	1	1	1	0	0	1	0	1	1	0	1	0	1	1	1	0	0	1	1	1	0	1	0	0	0	1	0	1	1	1	1	0	1	1	0	0	1	1	1	1	0	0	0	1	1	1	1	1	0	1	0	1	1	1	0	1	0	0	0	1	1	0	1	1	1	0	0	0	
5054	6139	1	1	1	1	0	0	1	0	1	1	1	0	1	0	1	0	1	0	1	1	1	0	1	1	0	1	1	0	0	1	0	0	1	1	1	0	1	1	1	1	1	1	0	1	1	1	1	1	0	0	1	0	0	1	0	1	1	0	0	0	0	0	0	1	0	0	0	0	0	1	1	0	1	1	0	1	0	1	1	1	0	1	1	1	1	0	0	1	0	1	1	0	1	0	1	1	0	0	0	1	1	1	0	1	0	0	0	1	1	1	1	1	1	0	1	1	0	0	1	1	1	1	0	0	0	0	1	1	1	1	0	1	0	1	1	1	0	1	1	0	0	1	1	0	1	1	1	0	0	0	
5038	6142	1	1	1	1	0	0	1	0	1	1	1	0	1	0	1	0	1	0	1	1	0	1	1	1	0	1	1	0	0	1	0	0	1	1	1	0	1	1	1	1	1	1	0	1	1	1	0	1	0	0	1	0	0	1	0	1	1	0	0	0	0	0	1	1	0	0	0	0	0	1	1	0	1	1	0	1	0	1	1	1	0	1	1	1	1	0	0	1	0	1	1	0	1	0	1	1	1	0	0	1	1	1	0	1	0	0	1	1	0	1	1	1	1	0	1	1	0	0	1	1	1	1	0	0	0	0	1	1	1	1	0	1	0	1	1	1	0	1	1	0	0	1	1	0	1	1	1	0	0	0	
5035	6147	1	1	1	1	0	0	1	0	1	1	1	0	1	0	0	1	1	0	1	1	0	1	1	1	0	1	1	0	0	1	0	0	1	1	0	0	1	1	1	1	1	1	0	1	1	1	1	1	0	0	1	0	0	1	0	1	1	0	0	0	0	0	0	1	0	0	1	0	0	1	1	0	1	1	0	1	0	1	1	1	0	1	1	1	1	0	0	1	0	1	1	0	1	0	1	1	1	0	0	1	1	1	0	1	0	0	0	1	0	1	1	1	1	1	1	1	0	0	1	1	1	1	0	0	0	0	1	1	1	1	0	1	0	1	1	1	0	1	1	0	0	1	1	0	1	1	1	0	0	0	
5027	6149	1	1	1	1	0	0	1	0	1	1	1	0	1	0	1	1	1	0	1	1	1	0	1	1	0	1	1	0	0	1	0	0	1	1	0	0	1	1	1	1	1	1	0	1	1	1	1	1	0	0	1	0	0	1	0	1	1	0	0	0	0	0	0	1	0	0	0	0	0	1	0	0	1	1	0	1	0	1	1	1	0	1	1	1	1	0	0	1	0	1	1	0	1	0	1	1	0	0	0	1	1	1	0	1	0	0	0	1	1	1	1	1	1	1	1	1	0	0	1	1	1	1	0	0	0	0	1	1	1	1	0	1	0	1	1	1	0	1	1	0	0	1	1	0	1	1	1	0	0	0	
5020	6150	1	1	1	1	0	0	1	0	1	1	1	0	1	0	1	1	0	0	1	1	1	1	1	1	0	1	1	0	0	1	0	0	1	1	1	0	1	1	1	1	1	1	0	1	1	1	0	1	0	0	1	0	0	1	0	1	1	0	0	0	0	0	0	1	0	0	0	0	0	1	1	0	1	1	0	1	0	1	1	1	0	1	1	1	1	0	0	1	0	1	1	0	1	0	1	1	1	0	0	1	1	1	0	1	0	0	0	1	0	1	1	1	1	0	1	1	0	0	1	1	1	1	0	0	0	0	1	1	1	1	0	1	0	1	1	1	0	1	1	0	0	1	1	0	1	1	1	0	0	0	
5019	6153	1	1	1	1	0	0	1	0	1	1	1	0	1	0	1	1	1	0	1	1	0	0	1	1	0	1	1	1	0	1	0	0	1	1	0	0	1	1	1	1	1	1	0	1	1	1	1	1	0	0	1	0	0	1	0	1	1	0	0	0	0	0	0	1	0	0	0	0	0	1	1	0	1	1	0	1	0	1	1	1	0	1	1	1	1	0	0	1	0	1	1	0	1	0	1	1	0	0	0	1	1	1	1	1	0	0	1	1	0	1	1	1	1	1	1	1	0	0	1	1	1	1	0	0	0	0	1	1	1	1	0	1	0	1	1	1	0	1	1	0	0	1	1	0	1	1	1	0	0	0	
5015	6156	1	1	1	1	0	0	1	0	1	1	1	0	1	0	1	1	1	0	1	1	0	0	1	1	0	1	1	0	0	1	0	0	1	1	1	0	1	1	1	1	1	1	0	1	1	1	1	1	0	0	1	0	0	1	0	1	1	0	0	0	0	0	0	1	0	0	0	0	0	1	1	0	1	1	0	1	0	1	1	1	0	1	1	1	1	0	0	1	0	1	1	0	1	0	1	1	1	0	0	1	1	1	1	1	0	0	0	1	0	1	1	1	1	1	1	1	0	0	1	1	1	1	0	0	0	0	1	1	1	1	0	1	0	1	1	1	0	1	1	0	0	1	1	0	1	1	1	0	0	0	
5012	6158	1	1	1	1	0	0	1	0	1	1	1	0	1	0	1	1	1	0	1	1	0	1	1	1	0	1	1	1	0	1	0	0	1	1	1	0	1	1	1	1	1	1	0	1	1	1	0	1	0	0	1	0	0	1	0	1	1	0	0	0	0	0	0	1	0	0	0	0	0	1	1	0	1	1	0	1	0	1	1	1	0	1	1	1	1	0	0	1	0	1	1	0	1	0	1	1	1	0	0	1	1	1	0	1	0	0	0	1	0	1	1	1	1	0	1	1	0	0	1	1	1	1	0	0	0	0	1	1	1	1	0	1	0	1	1	1	0	1	1	0	0	1	1	0	1	1	1	0	0	0	
5007	6163	1	1	1	1	0	0	1	0	1	1	1	0	1	0	1	1	1	0	1	1	0	0	1	1	0	1	1	1	0	1	0	0	1	1	0	0	1	1	1	1	1	1	0	1	1	1	1	1	0	0	1	0	0	1	0	1	1	0	0	0	0	0	0	1	0	0	1	0	0	1	1	0	1	1	0	1	0	1	1	1	0	1	1	1	1	0	0	1	0	1	1	0	1	0	1	1	0	0	0	1	1	1	0	1	0	0	1	1	0	1	1	1	1	0	1	1	0	0	1	1	1	1	0	0	0	0	1	1	1	1	0	1	0	1	1	1	0	1	1	0	0	1	1	0	1	1	1	0	0	0	
5006	6166	1	1	1	1	0	0	1	0	1	1	1	0	1	0	1	1	1	0	1	1	0	0	1	1	0	1	1	0	0	1	0	0	1	1	1	0	1	1	1	1	1	1	0	1	1	1	1	1	0	0	1	0	0	1	0	1	1	0	0	0	0	0	0	1	0	0	0	0	0	1	1	0	1	1	0	1	0	1	1	1	0	1	1	1	1	0	0	1	0	1	1	0	1	0	1	1	0	0	0	1	1	1	1	1	0	1	0	1	0	1	1	1	1	1	1	1	0	0	1	1	1	1	0	0	0	0	1	1	1	1	0	1	0	1	1	1	0	1	1	0	0	1	1	0	1	1	1	0	0	0	
4991	6168	1	1	1	1	0	0	1	0	1	1	1	0	1	0	1	0	1	0	1	1	0	1	1	1	0	1	1	1	0	1	0	0	1	1	1	0	1	1	1	1	1	1	0	0	1	1	1	1	0	0	1	0	0	1	0	1	1	0	0	0	0	0	0	1	0	0	0	0	0	1	1	0	1	1	0	1	0	1	1	1	0	1	1	1	1	0	0	1	0	1	1	0	1	0	1	1	0	0	0	1	1	1	1	1	0	0	0	1	1	1	1	1	1	0	1	1	0	0	1	1	1	1	0	0	0	0	1	1	1	1	0	1	0	1	1	1	0	1	0	0	0	1	1	0	1	1	1	0	0	0	
4989	6172	1	1	1	1	0	0	1	0	1	1	1	0	1	0	1	1	1	0	1	1	0	1	1	1	0	1	1	1	0	1	0	0	1	1	0	0	1	1	1	1	1	1	0	0	1	1	1	1	0	0	1	0	0	1	0	1	1	0	0	0	0	0	0	1	0	0	1	0	0	1	1	0	1	1	0	1	0	1	1	1	0	1	1	1	1	0	0	1	0	1	1	0	1	0	1	1	0	0	0	1	1	1	0	1	0	0	0	1	0	1	1	1	1	1	1	1	0	0	1	1	1	1	0	0	0	0	1	1	1	1	0	1	0	1	1	1	0	1	1	0	0	1	1	0	1	1	1	0	0	0	
4987	6176	1	1	1	1	0	0	1	0	1	1	1	0	1	0	1	1	1	0	1	1	0	0	1	1	0	1	1	1	0	1	0	0	1	1	1	0	1	1	1	1	1	1	0	1	1	1	0	1	0	0	1	0	0	1	0	1	1	0	0	0	0	0	0	1	0	0	0	0	0	1	1	0	1	1	0	1	0	1	1	1	0	1	1	1	1	0	0	1	0	1	1	0	1	0	1	1	1	0	0	1	1	1	0	1	0	0	0	1	1	1	1	1	1	0	1	1	0	0	1	1	1	1	0	0	0	0	1	1	1	1	0	1	0	1	1	1	0	1	1	0	0	1	1	0	1	1	1	0	0	0	
4973	6177	1	1	1	1	0	0	1	0	1	1	1	0	1	0	1	1	1	0	1	1	0	0	1	1	0	1	1	0	0	1	0	0	1	1	1	0	1	1	1	1	1	1	0	1	1	1	0	1	0	0	1	0	0	1	0	1	1	0	0	0	0	0	0	1	0	0	0	0	0	1	1	0	1	1	0	1	0	1	1	1	0	1	1	1	1	0	0	1	0	1	1	0	1	0	1	1	1	0	0	1	1	1	0	1	0	1	0	1	1	1	1	1	1	0	1	1	0	0	1	1	1	1	0	0	0	0	1	1	1	1	0	1	0	1	1	1	0	1	1	0	0	1	1	0	1	1	1	0	0	0	
4971	6182	1	1	1	1	0	0	1	0	1	1	1	0	1	0	1	1	1	0	1	1	0	1	1	1	0	1	1	0	0	1	0	0	1	1	1	0	1	1	1	1	1	1	0	1	1	1	1	1	0	0	1	0	0	1	0	1	1	0	0	0	0	0	0	1	0	0	0	0	0	1	1	0	1	1	0	1	0	1	1	1	0	1	1	1	1	0	0	1	0	1	1	0	1	0	1	1	1	0	0	1	1	1	1	1	0	0	0	1	0	1	1	1	1	0	1	1	0	0	1	1	1	1	0	0	0	0	0	1	1	1	0	1	0	1	1	1	0	1	1	0	0	1	1	0	1	1	1	0	0	0	
4961	6186	1	1	1	1	0	0	1	0	1	1	1	0	1	0	1	1	1	0	1	1	0	1	1	1	0	1	1	1	0	1	0	0	1	1	0	0	1	1	1	1	1	1	0	0	1	1	1	1	0	0	1	0	0	1	0	1	1	0	0	0	0	0	0	1	0	0	0	0	0	1	1	0	1	1	0	1	0	1	1	1	0	1	1	1	1	0	0	1	0	1	1	0	1	0	1	1	1	0	0	1	1	1	1	1	0	0	0	1	0	1	1	1	1	0	1	1	0	0	1	1	1	1	0	0	0	0	1	1	1	1	0	1	0	1	1	1	0	1	1	0	0	1	1	0	1	1	1	0	0	0	
4952	6187	1	1	1	1	0	0	1	0	1	1	1	0	1	0	1	1	1	0	1	1	0	1	1	1	0	1	1	1	0	1	0	0	1	1	1	0	1	1	1	1	1	1	0	0	1	1	0	1	0	0	1	0	0	1	0	1	1	0	0	0	0	0	0	1	0	0	1	0	0	1	1	0	1	1	0	1	0	1	1	1	0	1	1	1	1	0	0	1	0	1	1	0	1	0	1	1	0	0	0	1	1	1	0	1	0	1	0	1	0	1	1	1	1	0	1	1	0	0	1	1	1	1	0	0	0	0	1	1	1	1	0	1	0	1	1	1	0	1	1	0	0	1	1	0	1	1	1	0	0	0	
4946	6188	1	1	1	1	0	0	1	0	1	1	1	0	1	0	1	1	1	0	1	1	0	0	1	1	0	1	1	1	0	1	0	0	1	1	1	0	1	1	1	1	1	1	0	1	1	1	1	1	0	0	1	0	0	1	0	1	1	0	0	0	0	0	0	1	0	0	0	0	0	1	1	0	1	1	0	1	0	1	1	1	0	1	1	1	1	0	0	1	0	1	1	0	1	0	1	1	1	0	0	1	1	1	0	1	0	0	0	1	1	1	1	1	1	0	1	1	0	0	1	1	1	1	0	0	0	0	0	1	1	1	0	1	0	1	1	1	0	1	0	0	0	1	1	0	1	1	1	0	0	0	
4944	6190	1	1	1	1	0	0	1	0	1	1	1	0	1	0	1	1	1	0	1	1	0	1	1	1	0	1	1	1	0	1	0	0	1	1	0	0	1	1	1	1	1	1	0	1	1	1	1	1	0	0	1	0	0	1	0	1	1	0	0	0	0	0	0	1	0	0	1	0	0	1	1	0	1	1	0	1	0	1	1	1	0	1	1	1	1	0	0	1	0	1	1	0	1	0	1	1	0	0	0	1	1	0	0	1	0	0	0	1	0	1	1	1	1	0	1	1	0	0	1	1	1	1	0	0	0	0	1	1	1	1	0	1	0	1	1	1	0	1	1	0	0	1	1	0	1	1	1	0	0	0	
4939	6194	1	1	1	1	0	0	1	0	1	1	1	0	1	0	1	1	1	0	1	1	0	1	1	0	0	1	1	1	0	1	0	0	1	1	1	0	1	1	1	1	1	1	0	0	1	1	1	1	0	0	1	0	0	1	0	1	1	0	0	0	0	0	0	1	0	0	0	0	0	1	1	0	1	1	0	1	0	1	1	1	0	1	1	1	1	0	0	1	0	1	1	0	1	0	1	1	1	0	0	1	1	1	1	1	0	0	0	1	0	1	1	1	1	0	1	1	0	0	1	1	1	1	0	0	0	0	1	1	1	1	0	1	0	1	1	1	0	1	1	0	0	1	1	0	1	1	1	0	0	0	
4936	6195	1	1	1	1	0	0	1	0	1	1	1	0	1	0	1	1	1	0	1	1	0	0	1	1	0	1	1	1	0	1	0	0	1	1	1	0	1	1	1	1	1	1	0	0	1	1	0	1	0	0	1	0	0	1	0	1	1	0	0	0	0	0	0	1	0	0	1	0	0	1	1	0	1	1	0	1	0	1	1	1	0	1	1	1	1	0	0	1	0	1	1	0	1	0	1	1	1	0	0	1	1	1	0	1	0	0	0	1	1	1	1	1	1	0	1	1	0	0	1	1	1	1	0	0	0	0	1	1	1	1	0	1	0	1	1	1	0	1	1	0	0	1	1	0	1	1	1	0	0	0	
4933	6196	1	1	1	1	0	0	1	0	1	1	1	0	1	0	1	1	1	0	1	1	1	0	1	1	0	1	1	1	0	1	0	0	1	1	1	0	1	1	1	1	1	1	0	1	1	1	1	1	0	0	1	0	0	1	0	1	1	0	0	0	0	0	0	1	0	0	0	0	0	1	0	0	1	1	0	1	0	1	1	1	0	1	1	1	1	0	0	1	0	1	1	0	1	0	1	1	0	0	0	1	1	0	0	1	0	1	0	1	0	1	1	1	1	0	1	1	0	0	1	1	1	1	0	0	0	0	1	1	1	1	0	1	0	1	1	1	0	1	1	0	0	1	1	0	1	1	1	0	0	0	
4928	6197	1	1	1	1	0	0	1	0	1	1	1	0	1	0	0	1	1	0	1	1	0	0	1	1	0	1	1	1	0	1	0	0	1	1	1	0	1	1	1	1	1	1	0	1	1	1	1	1	0	0	1	0	0	1	0	1	1	0	0	0	0	0	0	1	0	0	1	0	0	1	0	0	1	1	0	1	0	1	1	1	0	1	1	1	1	0	0	1	0	1	1	0	1	0	1	1	1	0	0	1	1	1	0	1	0	0	0	1	1	1	1	1	1	0	1	1	0	0	1	1	1	1	0	0	0	0	0	1	1	1	0	1	0	1	1	1	0	1	1	0	0	1	1	0	1	1	1	0	0	0	
4921	6201	1	1	1	1	0	0	1	0	1	1	1	0	1	0	1	1	1	0	1	1	0	0	1	1	1	1	1	1	0	1	0	0	1	1	1	0	1	1	1	1	1	1	0	1	1	1	1	1	0	0	1	0	0	1	0	1	1	0	0	0	0	0	0	1	0	0	0	0	0	1	0	0	1	1	0	1	0	1	1	1	0	1	1	1	1	0	0	1	0	1	1	0	1	0	1	1	1	0	0	1	1	0	1	1	0	0	0	1	0	1	1	1	1	0	1	1	0	0	1	1	1	1	0	0	0	0	1	1	1	1	0	1	0	1	1	1	0	1	1	0	0	1	1	0	1	1	1	0	0	0	
4919	6208	1	1	1	1	0	0	1	0	1	1	1	0	1	0	1	1	1	0	1	1	0	0	1	1	0	1	1	1	0	1	0	0	1	1	0	0	1	1	1	1	1	1	0	1	1	1	1	1	0	0	1	0	0	1	0	1	1	0	0	0	0	0	0	1	0	0	1	0	0	1	1	0	1	1	0	1	0	1	1	1	0	1	1	1	1	0	0	1	0	1	1	0	1	0	1	1	0	0	0	1	1	0	0	1	0	0	0	1	1	1	1	1	1	0	1	1	0	0	1	1	1	1	0	0	0	0	1	1	1	1	0	1	0	1	1	1	0	1	1	0	0	1	1	0	1	1	1	0	0	0	
4896	6209	1	1	1	1	0	0	1	0	1	1	1	0	1	0	1	1	0	0	1	1	0	0	1	1	0	1	1	1	0	1	0	0	1	1	1	0	1	1	1	1	1	1	0	0	1	1	1	1	0	0	1	0	0	1	0	1	1	0	0	0	0	0	0	1	0	0	1	0	0	1	0	0	1	1	0	1	0	1	1	1	0	1	1	1	1	0	0	1	0	1	1	0	1	0	1	1	0	0	0	1	1	1	0	1	0	1	0	1	1	1	1	1	1	0	1	1	0	0	1	1	1	1	0	0	0	0	1	1	1	1	0	1	0	1	1	1	0	1	0	0	0	1	1	0	1	1	1	0	0	0	
4894	6213	1	1	1	1	0	0	1	0	1	1	1	0	1	0	1	1	1	0	1	1	0	0	1	1	0	1	1	1	0	1	0	0	1	1	1	0	1	1	1	1	1	1	0	1	1	1	0	1	0	0	1	0	0	1	0	1	1	0	0	0	0	0	0	1	0	0	0	0	0	1	1	0	1	1	0	1	0	1	1	1	0	1	1	1	1	0	0	1	0	1	1	0	1	0	1	1	0	0	0	1	1	0	1	1	0	1	0	1	1	1	1	1	1	0	1	1	0	0	1	1	1	1	0	0	0	0	1	1	1	1	0	1	0	1	1	1	0	1	1	0	0	1	1	0	1	1	1	0	0	0	
4890	6214	1	1	1	1	0	0	1	0	1	1	1	0	1	0	1	1	1	0	1	1	0	0	1	1	0	1	1	1	0	1	0	0	1	1	1	0	1	1	1	1	1	1	0	0	1	1	1	1	0	0	1	0	0	1	0	1	1	0	0	0	0	0	0	1	0	0	0	0	0	1	0	0	1	1	0	1	0	1	1	1	1	1	1	1	1	0	0	1	0	1	1	0	1	0	1	1	1	0	0	1	1	1	1	1	0	0	1	1	0	1	1	1	1	0	1	1	0	0	1	1	1	1	0	0	0	0	0	1	1	1	0	1	0	1	1	1	0	1	1	0	0	1	1	0	1	1	1	0	0	0	
4885	6215	1	1	1	1	0	0	1	0	1	1	1	0	1	0	1	0	1	0	1	1	0	1	1	1	0	1	1	0	0	1	0	0	1	1	1	0	1	1	1	1	1	1	0	0	1	1	1	1	0	0	1	0	0	1	0	1	1	0	0	0	0	0	0	1	0	0	0	0	0	1	0	0	1	1	0	1	0	1	1	1	0	1	1	1	1	0	0	1	0	1	1	0	1	0	1	1	1	0	0	1	1	0	1	1	0	1	0	1	1	1	1	1	1	0	1	1	0	0	1	1	1	1	0	0	0	0	1	1	1	1	0	1	0	1	1	1	0	1	1	0	0	1	1	0	1	1	1	0	0	0	
4884	6218	1	1	1	1	0	0	1	0	1	1	1	0	1	0	1	1	1	0	1	1	0	0	1	1	0	1	1	1	0	1	0	0	1	1	0	0	1	1	1	1	1	1	0	0	1	1	1	1	0	0	1	0	0	1	0	1	1	0	0	0	0	0	0	1	0	0	0	0	0	1	1	0	1	1	0	1	0	1	1	1	1	1	1	1	1	0	0	1	0	1	1	0	1	0	1	1	1	0	0	1	1	1	0	1	0	0	0	1	1	1	1	1	1	0	1	1	0	0	1	1	1	1	0	0	0	0	0	1	1	1	0	1	0	1	1	1	0	1	1	0	0	1	1	0	1	1	1	0	0	0	
4876	6219	1	1	1	1	0	0	1	0	1	1	1	0	1	0	1	1	1	0	1	1	0	0	1	1	0	1	1	0	0	1	0	0	1	1	0	0	1	1	1	1	1	1	0	0	1	1	1	1	0	0	1	0	0	1	0	1	1	0	0	0	0	0	0	1	0	0	1	0	0	1	1	0	1	1	0	1	0	1	1	1	1	1	1	1	1	0	0	1	0	1	1	0	1	0	1	1	1	0	0	1	1	0	1	1	0	0	1	1	0	1	1	1	1	0	1	1	0	0	1	1	1	1	0	0	0	0	1	1	1	1	0	1	0	1	1	1	0	1	1	0	0	1	1	0	1	1	1	0	0	0	
4870	6220	1	1	1	1	0	0	1	0	1	1	1	0	1	0	1	1	1	0	1	1	0	0	1	1	1	1	1	1	0	1	0	0	1	1	1	0	1	1	1	1	1	1	0	0	1	1	1	1	0	0	1	0	0	1	0	1	1	0	0	0	0	0	0	1	0	0	1	0	0	1	0	0	1	1	0	1	0	1	1	1	0	1	1	1	1	0	0	1	0	1	1	0	1	0	1	1	1	0	0	1	1	0	1	1	0	0	0	1	0	1	1	1	1	0	1	1	0	0	1	1	1	1	0	0	0	0	1	1	1	1	0	1	0	1	1	1	0	1	1	0	0	1	1	0	1	1	1	0	0	0	
4865	6223	1	1	1	1	0	0	1	0	1	1	1	0	1	0	1	1	1	0	1	1	0	0	1	1	0	1	1	1	0	1	0	0	1	1	1	0	1	1	1	1	1	1	0	0	1	1	0	1	0	0	1	0	0	1	0	1	1	0	0	0	0	0	1	1	0	0	1	0	0	1	1	0	1	1	0	1	0	1	1	1	0	1	1	1	1	0	0	1	0	1	1	0	1	0	1	1	0	0	0	1	1	1	1	1	0	0	0	1	1	1	1	1	1	0	1	1	0	0	1	1	1	1	0	0	0	0	1	1	0	1	0	1	0	1	1	1	0	1	1	0	0	1	1	0	1	1	1	0	0	0	
4859	6226	1	1	1	1	0	0	1	0	1	1	1	0	1	0	1	1	1	0	1	1	0	0	1	1	0	1	1	0	0	1	0	0	1	1	0	0	1	1	1	1	1	1	0	0	1	1	1	1	0	0	1	0	0	1	0	1	1	0	0	0	0	0	1	1	0	0	1	0	0	1	1	0	1	1	0	1	0	1	1	1	1	1	1	1	1	0	0	1	0	1	1	0	1	0	1	1	1	0	0	1	1	0	0	1	0	0	0	1	0	1	1	1	1	0	1	1	0	0	1	1	1	1	0	0	0	0	1	1	1	1	0	1	0	1	1	1	0	1	1	0	0	1	1	0	1	1	1	0	0	0	
4854	6227	1	1	1	1	0	0	1	0	1	1	1	0	1	0	1	1	1	0	1	1	0	0	1	1	0	1	1	1	0	1	0	0	1	1	1	0	1	1	1	1	1	1	0	1	1	1	1	1	0	0	1	0	0	1	0	1	1	0	0	0	0	0	1	1	0	0	0	0	0	1	1	0	1	1	0	1	0	1	1	1	0	1	1	1	1	0	0	1	0	1	1	0	1	0	1	1	1	0	0	1	1	0	1	1	0	0	0	1	0	1	1	1	1	0	1	1	0	0	1	1	1	1	0	0	0	0	1	1	0	1	0	1	0	1	1	1	0	1	1	0	0	1	1	0	1	1	1	0	0	0	
4844	6234	1	1	1	1	0	0	1	0	1	1	1	0	1	0	1	1	1	0	1	1	0	1	1	1	0	1	1	1	0	1	0	0	1	1	1	0	1	1	1	1	1	1	0	0	1	1	1	1	0	0	1	0	0	1	0	1	1	0	0	0	0	0	0	1	0	0	1	0	0	1	0	0	1	1	0	1	0	1	1	1	0	1	1	1	1	0	0	1	0	1	1	0	1	0	1	1	0	0	0	1	1	1	1	1	0	0	0	1	1	1	1	1	1	0	1	1	0	0	1	1	1	1	0	0	0	0	0	1	0	1	0	1	0	1	1	1	0	1	1	0	0	1	1	0	1	1	1	0	0	0	
4841	6239	1	1	1	1	0	0	1	0	1	1	1	0	1	0	1	1	1	0	1	1	0	1	1	1	0	1	1	1	0	1	0	0	1	1	1	0	1	1	1	1	1	1	0	0	1	1	1	1	0	0	1	0	0	1	0	1	1	0	0	0	0	0	0	1	0	0	1	0	0	1	1	0	1	1	0	1	0	1	1	1	0	1	1	1	1	0	0	1	0	1	1	0	1	0	1	1	1	0	0	1	1	0	1	1	0	0	0	1	0	1	1	1	1	0	1	1	0	0	1	1	1	1	0	0	0	0	1	1	0	1	0	1	0	1	1	1	0	1	1	0	0	1	1	0	1	1	1	0	0	0	
4820	6241	1	1	1	1	0	0	1	0	1	1	1	0	1	0	1	1	1	0	1	1	1	0	1	1	0	1	1	0	0	1	0	0	1	1	0	0	1	1	1	1	1	1	0	0	1	1	1	1	0	0	1	0	0	1	0	1	1	0	0	0	0	0	1	1	0	0	1	0	0	1	0	0	1	1	0	1	0	1	1	1	0	1	1	1	1	0	0	1	0	1	1	0	1	0	1	1	1	0	0	1	1	0	0	1	0	0	0	1	1	1	1	1	1	0	1	1	0	0	1	1	1	1	0	0	0	0	0	1	1	1	0	1	0	1	1	1	0	1	1	0	0	1	1	0	1	1	1	0	0	0	
4814	6243	1	1	1	1	0	0	1	0	1	1	1	0	1	0	1	0	1	0	1	1	0	0	1	1	0	1	1	1	0	1	0	0	1	1	1	0	1	1	1	1	1	1	0	0	1	1	1	1	0	0	1	0	0	1	0	1	1	0	0	0	0	0	1	1	0	0	1	0	0	1	1	0	1	1	0	1	0	1	1	1	0	1	1	1	1	0	0	1	0	1	1	0	1	0	1	1	0	0	0	1	1	0	0	1	0	1	0	1	1	1	1	1	1	0	1	1	0	0	1	1	1	1	0	0	0	0	1	1	0	1	0	1	0	1	1	1	0	1	1	0	0	1	1	0	1	1	1	0	0	0	
4812	6245	1	1	1	1	0	0	1	0	1	1	1	0	1	0	1	1	1	0	1	1	0	0	1	1	0	1	1	1	0	1	0	0	1	1	0	0	1	1	1	1	1	1	0	0	1	1	1	1	0	0	1	0	0	1	0	1	1	0	0	0	0	0	1	1	0	0	1	0	0	1	1	0	1	1	0	1	0	1	1	1	0	1	1	1	1	0	0	1	0	1	1	0	1	0	1	1	1	0	0	1	1	0	1	1	0	0	1	1	0	1	1	1	1	0	1	1	0	0	1	1	1	1	0	0	0	0	0	1	1	1	0	1	0	1	1	1	0	1	1	0	0	1	1	0	1	1	1	0	0	0	
4809	6250	1	1	1	1	0	0	1	0	1	1	1	0	1	0	1	1	0	0	1	1	0	0	1	1	0	1	1	0	0	1	0	0	1	1	1	0	1	1	1	1	1	1	0	0	1	1	1	1	0	0	1	0	0	1	0	1	1	0	0	0	0	0	1	1	0	0	1	0	0	1	0	0	1	1	0	1	0	1	1	1	0	1	1	1	1	0	0	1	0	1	1	0	1	0	1	1	1	0	0	1	1	0	1	1	0	1	0	1	0	1	1	1	1	0	1	1	0	0	1	1	1	1	0	0	0	0	1	1	1	1	0	1	0	1	1	1	0	1	1	0	0	1	1	0	1	1	1	0	0	0	
4793	6251	1	1	1	1	0	0	1	0	1	1	1	0	1	0	1	1	1	0	1	1	0	0	1	1	0	1	1	1	0	1	0	0	1	1	0	0	1	1	1	1	1	1	0	0	1	1	1	1	0	0	1	0	0	1	0	1	1	0	0	0	0	0	0	1	0	0	1	0	0	1	0	0	1	1	0	1	0	1	1	1	0	1	1	1	1	0	0	1	0	1	1	0	1	0	1	1	1	0	0	1	1	0	0	1	0	1	1	1	1	1	1	1	1	0	1	1	0	0	1	1	1	1	0	0	0	0	0	1	1	1	0	1	0	1	1	1	0	1	1	0	0	1	1	0	1	1	1	0	0	0	
4791	6255	1	1	1	1	0	0	1	0	1	1	1	0	1	0	1	1	1	0	1	1	0	0	1	1	0	1	1	1	0	1	0	0	1	1	0	0	1	1	1	1	1	1	0	0	1	1	1	1	0	0	1	0	0	1	0	1	1	0	0	0	0	0	0	1	0	0	0	0	0	1	1	0	1	1	0	1	0	1	1	1	1	1	1	1	1	0	0	1	0	1	1	0	1	0	1	1	0	0	0	1	1	0	1	1	0	1	0	1	1	1	1	1	1	0	1	1	0	0	1	1	1	1	0	0	0	0	0	1	1	1	0	1	0	1	1	1	0	1	1	0	0	1	1	0	1	1	1	0	0	0	
4779	6258	1	1	1	1	0	0	1	0	1	1	1	0	1	0	1	1	0	0	1	1	0	0	1	1	0	1	1	0	0	1	0	0	1	1	1	0	1	1	1	1	1	1	0	0	1	1	1	1	0	0	1	0	0	1	0	1	1	0	0	0	0	0	1	1	0	0	1	0	0	1	1	0	1	1	0	1	0	1	1	1	1	1	1	1	1	0	0	1	0	1	1	0	1	0	1	1	1	0	0	1	1	0	1	1	0	0	0	1	0	1	1	1	1	0	1	1	0	0	1	1	1	1	0	0	0	0	1	1	0	1	0	1	0	1	1	1	0	1	1	0	0	1	1	0	1	1	1	0	0	0	
4771	6259	1	1	1	1	0	0	1	0	1	1	1	0	1	0	1	1	1	0	1	1	0	0	1	0	0	1	1	1	0	1	0	0	1	1	1	0	1	1	1	1	1	1	0	0	1	1	1	1	0	0	1	0	0	1	0	1	1	0	0	0	0	0	0	1	0	0	1	0	0	1	0	0	1	1	0	1	0	1	1	1	0	1	1	1	1	0	0	1	0	1	1	0	1	0	1	1	1	0	0	1	1	0	0	1	0	1	1	1	1	1	1	1	1	0	1	1	0	0	1	1	1	1	0	0	0	0	0	1	1	1	0	1	0	1	1	1	0	1	1	0	0	1	1	0	1	1	1	0	0	0	
4764	6260	1	1	1	1	0	0	1	0	1	1	1	0	1	0	1	1	0	0	1	1	0	0	1	1	0	1	1	1	0	1	0	0	1	1	1	0	1	1	1	1	1	1	0	0	1	1	0	1	0	0	1	0	0	1	0	1	1	0	0	0	0	0	1	1	0	0	1	0	0	1	1	0	1	1	0	1	0	1	1	1	0	1	1	1	1	0	0	1	0	1	1	0	1	0	1	1	1	0	0	1	1	0	1	1	0	0	0	1	1	1	1	1	1	0	1	1	0	0	1	1	1	1	0	0	0	0	0	1	1	1	0	1	0	1	1	1	0	1	1	0	0	1	1	0	1	1	1	0	0	0	
4762	6262	1	1	1	1	0	0	1	0	1	1	1	0	1	0	1	1	1	0	1	1	0	0	1	1	0	1	1	0	0	1	0	0	1	1	1	0	1	1	1	1	1	1	0	0	1	1	1	1	0	0	1	0	0	1	0	1	1	0	0	0	0	0	0	1	0	0	0	0	0	1	1	0	1	1	0	1	0	1	1	1	1	1	1	1	1	0	0	1	0	1	1	0	1	0	1	1	1	0	0	1	1	0	1	1	0	1	0	1	1	1	1	1	1	1	1	1	0	0	1	1	1	1	0	0	0	0	0	1	0	1	0	1	0	1	1	1	0	1	1	0	0	1	1	0	1	1	1	0	0	0	
4760	6264	1	1	1	1	0	0	1	0	1	1	1	0	1	0	1	1	0	0	1	1	0	0	1	1	0	1	1	0	0	1	0	0	1	1	1	0	1	1	1	1	1	1	0	0	1	1	1	1	0	0	1	0	0	1	0	1	1	0	0	0	0	0	0	1	0	0	1	0	0	1	0	0	1	1	0	1	0	1	1	1	1	1	1	1	1	0	0	1	0	1	1	0	1	0	1	1	1	0	0	1	1	0	0	1	0	1	0	1	1	1	1	1	1	0	1	1	0	0	1	1	1	1	0	0	0	0	1	1	0	1	0	1	0	1	1	1	0	1	1	0	0	1	1	0	1	1	1	0	0	0	
4752	6269	1	1	1	1	0	0	1	0	1	1	1	0	1	0	1	1	1	0	1	1	0	1	1	1	0	1	1	1	0	1	0	0	1	1	0	0	1	1	1	1	1	1	0	0	1	1	1	1	0	0	1	0	0	1	0	1	1	0	0	0	0	0	1	1	0	0	1	0	0	1	0	0	1	1	0	1	0	1	1	1	0	1	1	1	1	0	0	1	0	1	1	0	1	0	1	1	1	0	0	1	1	0	0	1	0	0	0	1	1	1	1	1	1	0	1	1	0	0	1	1	1	1	0	0	0	0	0	1	0	1	0	1	0	1	1	1	0	1	1	0	0	1	1	0	1	1	1	0	0	0	
4742	6270	1	1	1	1	0	0	1	0	1	1	1	0	1	0	1	1	1	0	1	1	0	0	1	1	0	1	1	1	0	1	0	0	1	1	1	0	1	1	1	1	1	1	0	0	1	1	1	1	0	0	1	0	0	1	0	1	1	0	0	0	0	0	1	1	0	0	1	0	0	1	1	0	1	1	0	1	0	1	1	1	1	1	1	1	1	0	0	1	0	1	1	0	1	0	1	1	0	0	0	1	1	0	0	1	0	1	0	1	0	1	1	1	1	0	1	1	0	0	1	1	1	1	0	0	0	0	0	1	0	1	0	1	0	1	1	1	0	1	1	0	0	1	1	0	1	1	1	0	0	0	
4733	6271	1	1	1	1	0	0	1	0	1	1	1	0	1	0	1	1	1	0	1	1	0	1	1	0	0	1	1	0	0	1	0	0	1	1	1	0	1	1	1	1	1	1	0	0	1	1	1	1	0	0	1	0	0	1	0	1	1	0	0	0	0	0	0	1	0	0	1	0	0	1	0	0	1	1	0	1	0	1	1	1	0	1	1	1	1	0	0	1	0	1	1	0	1	0	1	1	1	0	0	1	1	0	1	1	0	1	1	1	1	1	1	1	1	0	1	1	0	0	1	1	1	1	0	0	0	0	0	1	0	1	0	1	0	1	1	1	0	1	1	0	0	1	1	0	1	1	1	0	0	0	
4727	6274	1	1	1	1	0	0	1	0	1	1	1	0	1	0	1	1	1	0	1	1	0	1	1	1	0	1	1	1	0	1	0	0	1	1	1	0	1	1	1	1	1	1	0	0	1	1	0	1	0	0	1	0	0	1	0	1	1	0	0	0	0	0	1	1	0	0	0	0	0	1	0	0	1	1	0	1	0	1	1	1	0	1	1	1	1	0	0	1	0	1	1	0	1	0	1	1	1	0	0	1	1	0	1	1	0	1	0	1	1	1	1	1	1	0	1	1	0	0	1	1	1	1	0	0	0	0	0	1	0	1	0	1	0	1	1	1	0	1	1	0	0	1	1	0	1	1	1	0	0	0	
4723	6276	1	1	1	1	0	0	1	0	1	1	1	0	1	0	1	1	0	0	1	1	0	1	1	1	0	1	1	1	0	1	0	0	1	1	0	0	1	1	1	1	1	1	0	0	1	1	1	1	0	0	1	0	0	1	0	1	1	0	0	0	0	0	0	1	0	0	1	0	0	1	0	0	1	1	0	1	0	1	1	1	0	1	1	1	1	0	0	1	0	1	1	0	1	0	1	1	1	0	0	1	1	0	1	1	0	1	0	1	1	1	1	1	1	0	1	1	0	0	1	1	1	1	0	0	0	0	0	1	1	1	0	1	0	0	1	1	0	1	1	0	0	1	1	0	1	1	1	0	0	0	
4722	6279	1	1	1	1	0	0	1	0	1	1	1	0	1	0	1	1	1	0	1	1	0	0	1	1	0	1	1	1	0	1	0	0	1	1	0	0	1	1	1	1	1	1	0	0	1	1	1	1	0	0	1	0	0	1	0	1	1	0	0	0	0	0	1	1	0	0	1	0	0	1	0	0	1	1	0	1	0	1	1	1	0	1	1	1	1	0	0	1	0	1	1	0	1	0	1	1	0	0	0	1	1	0	1	1	0	1	1	1	1	1	1	1	1	0	1	1	0	0	1	1	1	1	0	0	0	0	0	1	0	1	0	1	0	1	1	1	0	1	1	0	0	1	1	0	1	1	1	0	0	0	
4718	6282	1	1	1	1	0	0	1	0	1	1	1	0	1	0	1	1	1	0	1	1	0	0	1	1	0	1	1	0	0	1	0	0	1	1	1	0	1	1	1	1	1	1	0	0	1	1	1	1	0	0	1	0	0	1	0	1	1	0	0	0	0	0	1	1	0	0	1	0	0	1	0	0	1	1	0	1	0	1	1	1	0	1	1	1	1	0	0	1	0	1	1	0	1	0	1	1	1	0	0	1	1	0	1	1	0	1	0	1	1	1	1	1	1	0	1	1	0	0	1	1	1	1	0	0	0	0	0	1	0	1	0	1	0	1	1	1	0	1	1	0	0	1	1	0	1	1	1	0	0	0	
4713	6283	1	1	1	1	0	0	1	0	1	1	1	0	1	0	1	1	0	0	1	1	0	0	1	1	0	1	1	1	0	1	0	0	1	1	1	0	1	1	1	1	1	1	0	0	1	1	1	1	0	0	1	0	0	1	0	1	1	0	0	0	0	0	0	1	0	0	1	0	0	1	0	0	1	1	0	1	0	1	1	1	0	1	1	1	1	0	0	1	0	1	1	0	1	0	1	1	1	0	0	1	1	0	1	1	0	1	1	1	1	1	1	1	1	0	1	1	0	0	1	1	1	1	0	0	0	0	0	1	0	1	0	1	0	1	1	1	0	1	1	0	0	1	1	0	1	1	1	0	0	0	
4696	6290	1	1	1	1	0	0	1	0	1	1	1	0	1	0	1	1	0	0	1	1	0	0	1	1	0	1	1	1	0	1	0	0	1	1	1	0	1	1	1	1	1	1	0	0	1	1	1	1	0	0	1	0	0	1	0	1	1	0	0	0	0	0	1	1	0	0	1	0	0	1	0	0	1	1	0	1	0	1	1	1	0	1	1	1	1	0	0	1	0	1	1	0	1	0	1	1	1	0	0	1	1	0	0	1	0	1	0	1	1	1	1	1	1	0	1	1	0	0	1	1	1	1	0	0	0	0	0	1	0	1	0	1	0	1	1	1	0	1	1	0	0	1	1	0	1	1	1	0	0	0	
4663	6291	1	1	1	1	0	0	1	0	1	1	1	0	1	0	1	1	0	0	1	1	0	0	1	0	0	1	1	1	0	1	0	0	1	1	1	0	1	1	1	1	1	1	0	0	1	1	1	1	0	0	1	0	0	1	0	1	1	0	0	0	0	0	1	1	0	0	1	0	0	1	0	0	1	1	0	1	0	1	1	1	0	1	1	1	1	0	0	1	0	1	1	0	1	0	1	1	1	0	0	1	1	0	1	1	0	1	0	1	1	1	1	1	1	0	1	1	0	0	1	1	1	1	0	0	0	0	0	1	1	1	0	1	0	0	1	1	0	1	1	0	0	1	1	0	1	1	1	0	0	0	
4657	6293	1	1	1	1	0	0	1	0	1	1	1	0	1	0	1	1	0	0	1	1	0	1	1	0	0	1	1	0	0	1	0	0	1	1	1	0	1	1	1	1	1	1	0	0	1	1	1	1	0	0	1	0	0	1	0	1	1	0	0	0	0	0	0	1	0	0	1	0	0	1	1	0	1	1	0	1	0	1	1	1	1	1	1	1	1	0	0	1	0	1	1	0	1	0	1	1	1	0	0	1	1	0	1	1	0	1	0	1	1	1	1	1	1	0	1	1	0	0	1	1	1	1	0	0	0	0	0	1	0	1	0	1	0	0	1	1	0	1	1	0	0	1	1	0	1	1	1	0	0	0	
4643	6294	1	1	1	1	0	0	1	0	1	1	1	0	1	0	1	1	0	0	1	1	0	0	1	1	0	1	1	1	0	1	0	0	1	1	1	0	1	1	1	1	1	1	0	0	1	1	1	1	0	0	1	0	0	1	0	1	1	0	0	0	0	0	1	1	0	0	1	0	0	1	0	0	1	1	0	1	0	1	1	1	1	1	1	1	1	0	0	1	0	1	1	0	1	0	1	1	1	0	0	1	1	0	0	1	0	1	0	1	1	1	1	1	1	0	1	1	0	0	1	1	1	1	0	0	0	0	0	1	0	1	0	1	0	0	1	1	0	1	0	0	0	1	1	0	1	1	1	0	0	0	
4640	6298	1	1	1	1	0	0	1	0	1	1	1	0	1	0	1	1	0	0	1	1	0	0	1	0	0	1	1	0	0	1	0	0	1	1	1	0	1	1	1	1	1	1	0	0	1	1	1	1	0	0	1	0	0	1	0	1	1	0	0	0	0	0	1	1	0	0	1	0	0	1	0	0	1	1	0	1	0	1	1	1	0	1	1	1	1	0	0	1	0	1	1	0	1	0	1	1	1	0	0	1	1	0	1	1	0	1	0	1	1	1	1	1	1	0	1	1	0	0	1	1	1	1	0	0	1	0	0	1	0	1	0	1	0	1	1	1	0	1	1	0	0	1	1	0	1	1	1	0	0	0	
4633	6299	1	1	1	1	0	0	1	0	1	1	1	0	1	0	1	1	0	0	1	1	0	0	1	0	0	1	1	1	0	1	0	0	1	1	1	0	1	1	1	1	1	1	0	0	1	1	1	1	0	0	1	0	0	1	0	1	1	0	0	0	0	0	1	1	0	0	1	0	0	1	1	0	1	1	0	1	0	1	1	1	1	1	1	1	1	0	0	1	0	1	1	0	1	0	1	1	1	0	0	1	1	0	1	1	0	0	0	1	1	1	1	1	1	0	1	1	0	0	1	1	1	1	0	0	0	0	0	1	0	1	0	1	0	0	1	1	0	1	1	0	0	1	1	0	1	1	1	0	0	0	
4625	6303	1	1	1	1	0	0	1	0	1	1	1	0	1	0	1	1	0	0	1	1	0	0	1	1	0	1	1	1	0	1	0	0	1	1	0	0	1	1	1	1	1	1	0	0	1	1	1	1	0	0	1	0	0	1	0	1	1	0	0	0	0	0	1	1	0	0	1	0	0	1	1	0	1	1	0	1	0	1	1	1	1	1	1	1	1	0	0	1	0	1	1	0	1	0	1	1	0	0	0	1	1	0	1	1	0	1	0	1	1	1	1	1	1	0	1	1	0	0	1	1	1	1	0	0	0	0	0	0	0	1	0	1	0	1	1	1	0	1	1	0	0	1	1	0	1	1	1	0	0	0	
4605	6304	0	1	1	1	0	0	1	0	1	1	1	0	1	0	1	1	1	0	1	1	0	0	1	1	0	1	1	1	0	1	0	0	1	1	1	0	1	1	1	1	1	1	0	0	1	1	1	1	0	0	1	0	0	1	0	1	1	0	0	0	0	0	1	1	0	0	1	0	0	1	0	0	1	1	0	1	0	1	1	1	0	1	1	1	1	0	0	1	0	1	1	0	1	0	1	1	1	0	0	1	1	0	1	1	0	1	1	1	1	1	1	1	1	0	1	1	0	0	1	1	1	1	0	0	0	0	0	0	0	1	0	1	0	1	1	1	0	1	1	0	0	1	1	0	1	1	1	0	0	0	
4597	6305	0	1	1	1	0	0	1	0	1	1	1	0	1	0	1	1	0	0	1	1	0	0	1	1	0	1	1	1	0	1	0	0	1	1	1	0	1	1	1	1	1	1	0	0	1	1	1	1	0	0	1	0	0	1	0	1	1	0	0	0	0	0	1	1	0	0	0	0	0	1	1	0	1	1	0	1	0	1	1	1	1	1	1	1	1	0	0	1	0	1	1	0	1	0	1	1	1	0	0	1	1	0	1	1	0	1	0	1	1	1	1	1	1	0	1	1	0	0	1	1	1	1	0	0	0	0	0	1	0	1	0	1	0	0	1	1	0	1	1	0	0	1	1	0	1	1	1	0	0	0	
4581	6306	1	1	1	1	0	0	1	0	1	1	1	0	1	0	1	1	0	0	1	1	0	0	1	1	0	1	1	1	0	1	0	0	1	1	0	0	1	1	1	1	1	1	0	0	1	1	1	1	0	0	1	0	1	1	0	1	1	0	0	0	0	0	0	1	0	0	1	0	0	1	1	0	1	1	0	1	0	1	1	1	1	1	1	1	1	0	0	1	0	1	1	0	1	0	1	1	1	0	0	1	1	0	1	1	0	1	0	1	1	1	1	1	1	0	1	1	0	0	1	1	1	1	0	0	0	0	0	0	0	1	0	1	0	0	1	1	0	1	1	0	0	1	1	0	1	1	1	0	0	0	
4577	6307	0	1	1	1	0	0	1	0	1	1	1	0	1	0	1	1	0	0	1	1	0	1	1	1	0	1	1	1	0	1	0	0	1	1	1	0	1	1	1	1	1	1	0	0	1	1	1	1	0	0	1	0	0	1	0	1	1	0	0	0	0	0	1	1	0	0	1	0	0	1	0	0	1	1	0	1	0	1	1	1	0	1	1	1	0	0	0	1	0	1	1	0	1	0	1	1	1	0	0	1	1	0	1	1	0	1	0	1	1	1	1	1	1	0	1	1	0	0	1	1	1	1	0	0	0	0	0	1	0	1	0	1	0	0	1	1	0	1	1	0	0	1	1	0	1	1	1	0	0	0	
4570	6319	1	1	1	1	0	0	1	0	1	1	1	0	1	0	1	1	0	0	1	1	0	0	1	1	0	1	1	1	0	1	0	0	1	1	1	0	1	1	1	1	1	1	0	0	1	1	1	1	0	0	0	0	0	1	0	1	1	0	0	0	0	0	1	1	0	0	1	0	0	1	0	0	1	1	0	1	0	1	1	1	1	1	1	1	1	0	0	1	0	1	1	0	1	0	1	1	1	0	0	1	1	0	1	1	0	1	0	1	1	1	1	1	1	0	1	1	0	0	1	1	1	1	0	0	0	0	0	1	0	1	0	1	0	0	1	1	0	1	1	0	0	1	1	0	1	1	1	0	0	0	
4532	6322	1	1	1	1	0	0	1	0	1	1	1	0	1	0	1	1	1	0	1	1	0	0	1	0	0	1	1	1	0	1	0	0	1	1	0	0	1	1	1	1	1	1	0	0	1	1	1	1	0	0	1	0	0	1	0	1	1	0	0	0	0	0	1	1	0	0	1	0	0	1	0	0	1	1	0	1	0	1	1	1	1	1	1	1	1	0	0	1	0	1	1	0	1	0	1	1	1	0	0	1	1	0	1	1	0	1	0	1	1	1	1	1	1	0	1	1	0	0	1	1	1	1	0	0	1	0	0	0	0	1	0	1	0	0	1	1	0	1	1	0	0	1	1	0	1	1	1	0	0	0	
4529	6326	0	1	1	1	0	0	1	0	1	1	1	0	1	0	1	1	0	0	1	1	0	0	1	1	0	1	1	1	0	1	0	0	1	1	1	0	1	1	1	1	1	1	0	0	1	1	1	1	0	0	1	0	0	1	0	1	1	0	0	0	0	0	1	1	0	0	1	0	0	1	1	0	1	1	0	1	0	1	1	1	1	1	1	1	1	0	0	1	0	1	1	0	1	0	1	1	1	0	0	1	1	0	1	1	0	1	0	1	1	1	1	1	1	0	1	1	0	0	1	1	1	1	0	0	0	0	0	0	0	1	0	1	0	0	1	1	0	1	1	0	0	1	1	0	1	1	1	0	0	0	
4455	6328	0	1	1	1	0	0	1	0	1	1	1	0	1	0	1	1	0	0	1	1	0	0	1	0	0	1	1	1	0	1	0	0	1	1	1	0	1	1	1	1	1	1	0	0	1	1	1	1	0	0	1	0	0	1	0	1	1	0	0	0	0	0	1	1	0	0	1	0	0	1	0	0	1	1	0	1	0	1	1	1	1	1	1	1	1	0	0	1	0	1	1	0	1	0	1	1	1	0	0	1	1	0	1	1	0	1	0	1	1	1	1	1	1	0	1	1	0	0	1	1	1	1	0	0	1	0	0	0	0	1	0	1	0	0	1	1	0	1	1	0	0	1	1	0	1	1	1	0	0	0	
4425	6332	0	1	1	1	0	0	1	0	1	1	1	0	1	0	1	1	0	0	1	1	0	1	1	0	0	1	1	1	0	1	0	0	1	1	1	0	1	1	1	1	1	1	0	0	1	1	0	1	0	0	1	0	0	1	0	1	1	0	0	0	0	0	1	1	0	0	1	0	0	1	1	0	1	1	0	1	0	1	1	1	1	1	1	1	1	0	0	1	0	1	1	0	1	0	1	1	1	0	0	1	1	0	1	1	0	1	0	0	1	1	1	1	1	0	1	1	0	0	1	1	1	1	0	0	1	0	0	0	0	1	0	1	0	0	1	1	0	1	1	0	0	1	1	0	1	1	1	0	0	0	
4416	6337	0	1	1	1	0	0	1	0	1	1	1	0	1	0	1	1	0	0	1	1	0	1	1	0	0	1	1	1	0	1	0	0	1	1	0	0	1	1	1	1	1	1	0	0	1	1	1	1	0	0	1	0	0	1	0	1	1	0	0	0	0	0	1	1	0	0	1	0	0	1	0	0	1	1	0	1	0	1	1	1	1	1	1	1	1	0	0	1	0	1	1	0	1	0	1	1	1	0	0	1	1	0	1	1	0	1	0	0	1	1	1	1	1	0	1	1	0	0	1	1	1	1	0	0	0	0	0	0	0	1	0	1	1	0	1	1	0	1	1	0	0	1	1	0	1	1	1	0	0	0	
4325	6340	0	1	1	1	0	0	1	0	1	1	1	0	1	0	1	1	0	0	1	1	0	0	1	0	0	0	1	1	0	1	0	0	1	1	1	0	1	1	1	1	1	1	0	0	1	1	1	1	0	0	1	0	1	1	0	1	1	0	0	0	0	0	1	1	0	0	1	0	0	1	0	0	1	1	0	1	0	1	1	1	1	1	1	1	1	0	0	1	0	1	1	0	1	0	1	1	1	0	0	1	1	0	1	1	0	1	0	0	1	1	1	1	1	0	1	1	0	0	1	1	1	1	0	0	1	0	0	0	0	1	0	1	0	0	1	1	0	1	1	0	0	1	1	0	1	1	1	0	0	0	
