249
150
6190	4614	1	0	1	1	1	1	0	0	1	1	1	1	1	1	0	1	0	0	1	1	1	0	1	0	0	0	1	1	0	1	0	0	1	1	1	1	1	1	1	1	1	0	1	1	0	1	0	0	1	0	1	0	1	0	1	0	0	0	0	1	0	1	1	1	1	1	0	1	0	0	0	0	0	1	1	1	1	0	1	1	0	1	1	1	1	0	0	0	0	0	1	1	0	0	1	0	1	0	1	0	1	1	1	0	0	1	0	1	1	1	0	0	1	0	1	0	1	0	1	0	1	0	1	1	1	0	0	1	1	0	0	0	0	0	1	0	0	1	1	1	1	1	1	1	0	0	0	0	0	1	
6189	4757	1	0	1	1	1	1	0	0	1	1	1	1	1	1	0	1	0	0	1	1	1	0	1	0	0	0	1	1	0	1	0	0	1	1	1	1	1	1	1	1	1	0	1	1	0	1	0	0	1	0	1	0	1	0	0	0	0	0	0	0	0	1	1	1	1	1	1	1	0	0	0	0	0	1	1	1	1	0	1	1	0	1	1	1	1	0	0	0	0	0	1	1	0	0	1	0	1	0	1	0	0	1	1	0	0	1	0	1	1	1	0	0	1	1	1	0	1	0	1	0	1	0	1	1	1	0	0	1	1	0	0	0	1	0	1	1	0	1	1	1	1	1	1	1	0	0	0	0	0	1	
6187	4774	1	0	1	1	1	1	0	0	1	1	1	1	1	1	0	1	0	0	1	1	1	0	1	0	0	0	1	1	0	1	0	0	1	1	1	1	0	1	1	1	1	0	1	1	0	1	0	0	1	0	1	0	1	1	0	0	0	0	0	0	0	1	1	1	1	1	1	1	0	0	0	0	0	1	1	1	1	0	1	1	0	1	1	1	1	0	0	0	0	0	1	1	0	0	1	0	1	0	1	0	1	1	1	0	0	1	0	1	1	1	0	0	1	1	1	0	1	0	1	0	1	0	1	1	1	0	0	1	1	0	0	0	0	0	1	0	0	1	1	1	1	1	1	1	0	0	0	0	1	1	
6185	4817	1	0	1	1	1	1	0	0	1	1	1	1	1	1	0	1	0	0	1	1	1	0	1	0	0	0	1	1	0	1	0	0	1	1	1	1	1	1	1	1	1	0	1	1	0	1	0	0	1	0	1	0	1	0	0	1	0	0	0	0	0	1	1	1	1	1	1	1	0	0	0	0	0	1	1	1	1	0	1	1	0	1	1	1	1	0	0	0	0	0	1	1	0	0	1	0	1	0	1	0	0	1	1	0	0	1	0	1	0	1	1	0	1	1	1	0	1	0	1	0	1	0	1	1	1	0	0	1	1	0	0	0	0	0	1	0	0	1	1	1	1	1	1	1	0	0	1	0	0	1	
6183	4832	1	0	1	1	1	1	0	0	1	1	1	1	1	1	0	1	0	0	1	1	1	0	1	0	0	0	1	1	0	1	0	0	1	1	1	1	1	1	1	1	1	0	1	1	0	1	0	0	1	0	1	0	1	0	1	0	0	0	0	0	0	1	1	1	1	1	1	1	0	0	0	0	0	1	1	1	1	0	1	1	0	1	1	1	1	0	0	0	0	0	1	1	0	0	1	0	1	0	1	0	1	1	1	0	0	1	0	1	0	1	0	0	1	1	1	0	1	0	1	0	1	0	1	1	1	0	0	1	1	0	0	0	1	0	1	0	0	1	1	1	1	1	1	1	0	0	0	0	0	1	
6182	4880	1	0	1	1	1	1	0	0	1	1	1	1	1	1	0	1	0	0	1	1	1	0	1	0	0	0	1	1	0	1	0	0	1	1	1	1	1	1	1	1	1	0	1	1	0	1	0	0	1	0	1	0	1	0	1	0	0	0	0	0	0	1	1	1	1	1	1	1	0	0	0	0	0	1	1	1	1	0	1	1	0	1	1	1	1	0	0	0	0	0	1	1	0	0	1	0	1	0	1	0	1	0	1	0	0	1	0	1	1	1	0	0	1	1	1	0	1	0	1	0	1	0	1	1	1	0	0	1	1	0	0	1	1	0	1	0	0	1	1	1	1	1	1	1	0	0	0	0	0	1	
6177	4918	1	0	1	1	1	1	0	0	1	1	1	1	1	1	0	1	0	0	1	1	1	0	1	0	0	0	1	1	0	1	0	0	1	1	1	1	1	1	1	1	1	0	1	1	0	1	0	0	1	0	1	0	1	0	0	1	0	0	0	0	0	1	1	1	1	1	1	1	0	0	0	0	0	1	1	1	1	0	1	1	0	1	1	1	1	0	0	0	0	0	1	1	0	0	1	0	1	0	1	0	0	0	1	1	0	1	0	1	1	1	0	0	1	1	1	0	1	0	1	0	1	0	1	1	1	0	0	1	1	0	0	0	1	0	1	0	0	1	1	1	1	1	1	1	0	0	1	0	0	1	
6174	4960	1	0	1	1	1	1	0	0	1	1	1	1	1	1	0	1	0	0	1	1	1	0	1	0	0	0	1	1	0	1	0	0	1	1	1	1	0	1	1	1	1	0	1	1	0	1	0	0	1	0	1	0	1	0	1	1	0	0	0	0	0	1	1	1	1	1	1	1	0	0	0	0	0	1	1	1	1	0	1	1	0	1	1	1	1	0	0	0	0	0	1	1	0	0	1	0	1	0	1	0	1	0	1	0	0	1	0	1	1	1	0	0	1	1	1	0	1	0	1	0	1	0	1	1	1	0	0	1	1	0	0	0	1	0	1	0	0	1	1	1	1	1	1	1	0	0	1	0	0	1	
6169	4988	1	0	1	1	1	1	0	0	1	1	1	1	1	1	0	1	0	0	1	1	1	0	1	0	0	0	1	1	0	1	0	0	1	1	1	1	1	1	1	1	1	0	1	1	0	1	0	0	1	0	1	0	1	0	0	1	0	0	0	0	0	1	1	1	1	1	1	1	0	0	0	0	0	1	1	1	1	0	1	1	0	1	1	1	1	0	0	0	0	0	1	1	0	0	1	0	1	0	1	0	1	1	0	1	0	1	0	1	0	1	0	0	1	1	1	0	1	0	1	0	1	0	1	1	1	0	0	1	1	0	0	0	1	0	1	0	0	1	1	1	1	1	1	1	0	0	1	0	0	1	
6163	5010	1	0	1	1	1	1	0	0	1	1	1	1	1	1	0	1	0	0	1	1	1	0	1	0	0	0	1	1	0	1	0	0	1	1	1	1	0	1	1	1	1	0	1	1	0	1	0	0	1	0	1	0	1	1	1	1	0	0	0	0	0	1	1	1	1	1	1	1	0	0	0	0	0	1	1	1	1	0	1	1	0	1	1	1	1	0	0	0	0	0	1	1	0	0	1	0	1	0	1	0	1	0	0	1	0	1	0	1	1	1	0	0	1	1	1	0	1	0	1	0	1	0	1	1	1	0	0	1	1	0	0	0	1	0	1	0	0	1	1	1	1	1	1	1	0	0	0	0	0	1	
6158	5021	1	0	1	1	1	1	0	0	1	1	1	1	1	1	0	1	0	0	1	1	1	0	1	0	0	0	1	1	0	1	0	0	1	1	1	1	0	1	1	1	1	0	1	1	0	1	0	0	1	0	1	0	1	0	1	1	0	0	0	0	0	1	1	1	1	1	1	1	0	0	0	0	0	1	1	1	1	0	1	1	0	1	1	1	1	0	0	1	0	0	1	1	0	0	1	0	1	0	1	0	1	1	0	1	0	1	0	1	1	1	0	0	1	1	1	0	1	0	1	0	1	0	1	1	1	0	0	1	1	0	0	0	0	0	1	0	0	1	1	1	1	1	1	1	0	0	1	0	0	1	
6157	5023	1	0	1	1	1	1	0	0	1	1	1	1	1	1	0	1	0	0	1	1	1	0	1	0	0	0	1	1	0	1	0	0	1	1	1	1	1	1	1	1	1	0	1	1	0	1	0	0	1	0	1	0	1	0	1	1	0	0	0	0	0	1	1	1	1	1	1	1	0	0	0	0	0	1	1	1	1	0	1	1	0	1	1	1	1	0	0	0	0	0	1	1	0	0	1	0	1	0	1	1	1	0	0	1	0	1	0	1	1	1	0	0	1	1	1	0	1	0	1	0	1	0	1	1	1	0	0	1	1	0	0	0	0	0	1	0	0	1	1	1	1	1	1	1	0	0	1	0	0	1	
6156	5033	1	0	1	1	1	1	0	0	1	1	1	1	1	1	0	1	0	0	1	1	1	0	1	0	0	0	1	1	0	1	0	0	1	1	1	1	0	1	1	1	1	0	1	1	0	1	0	0	1	0	1	0	1	0	0	1	0	0	0	0	0	1	1	1	1	1	1	1	0	0	0	0	0	1	1	1	1	0	1	1	0	1	1	1	1	1	0	0	0	0	1	1	0	0	1	0	1	0	1	0	1	1	0	1	0	1	0	1	1	1	0	0	1	1	1	0	1	0	1	0	1	0	1	1	1	0	1	1	1	0	0	0	0	0	1	0	0	1	1	1	1	1	1	1	0	0	1	0	0	1	
6154	5048	1	0	1	1	1	1	0	0	1	1	1	1	1	1	0	1	0	0	1	1	1	0	1	0	0	0	1	1	0	1	0	0	1	1	1	1	0	1	1	1	1	0	1	1	0	1	0	0	1	0	1	0	1	0	1	1	0	0	0	0	0	1	1	1	1	1	1	1	0	0	0	0	0	1	1	1	1	0	1	1	0	1	1	1	1	0	0	0	0	0	1	1	0	0	1	0	1	0	1	1	1	0	0	1	0	1	0	1	1	1	0	0	1	1	1	0	1	0	1	0	1	0	1	1	1	0	0	1	1	0	0	1	1	0	1	0	0	1	1	1	1	1	1	1	0	0	0	0	0	1	
6153	5052	1	0	1	1	1	1	0	0	1	1	1	1	1	1	0	1	0	0	1	1	1	0	1	0	0	0	1	1	0	1	0	0	1	1	1	1	0	1	1	1	1	1	1	1	0	1	0	0	1	0	1	0	1	0	0	0	0	0	0	0	0	1	1	1	1	1	1	1	0	0	0	0	0	1	1	1	1	0	1	1	0	1	1	1	1	0	0	0	0	0	1	1	0	0	1	0	1	0	1	0	1	1	0	1	0	1	0	1	1	1	1	0	1	1	1	0	1	0	1	0	1	0	1	1	1	0	0	1	1	0	0	0	1	0	1	0	0	1	1	1	1	1	1	1	0	0	1	0	0	1	
6151	5053	1	0	1	1	1	1	0	0	1	1	1	1	1	1	0	1	0	0	1	1	1	0	1	0	0	0	1	1	0	1	0	0	1	1	1	1	0	1	1	1	1	0	1	1	0	1	0	0	1	0	1	0	1	1	1	1	0	0	0	0	0	1	1	1	1	1	1	1	0	0	0	0	0	1	1	1	1	0	1	1	0	1	1	1	1	0	0	0	0	0	1	1	0	0	1	0	1	0	1	0	1	0	0	0	0	1	0	1	1	1	1	0	1	1	1	0	1	0	1	0	1	0	1	1	1	0	0	1	1	0	0	0	1	0	1	0	0	1	1	0	1	1	1	1	0	0	1	0	0	1	
6150	5067	1	0	1	1	1	1	0	1	1	1	1	1	1	1	0	1	0	0	1	1	1	0	1	0	0	0	1	1	0	1	0	0	1	1	1	1	0	1	1	1	1	0	1	1	0	1	0	0	1	0	1	0	1	0	0	1	0	0	0	0	0	1	1	1	1	1	1	1	0	0	0	0	0	1	1	1	1	0	1	1	0	1	1	1	1	0	0	0	0	0	1	1	0	0	1	0	1	0	1	0	1	0	0	1	0	1	0	1	1	1	1	0	1	1	1	0	1	0	1	0	1	0	1	1	1	0	0	1	1	0	0	0	1	0	1	0	0	1	1	1	1	1	1	1	0	0	1	0	0	1	
6145	5080	1	0	1	1	1	1	0	0	1	1	1	1	1	1	0	1	0	0	1	1	1	0	1	0	0	0	1	1	0	1	0	0	1	1	1	1	0	1	1	1	1	1	1	1	0	1	0	0	1	0	1	0	1	1	0	1	0	0	0	0	0	1	1	1	1	1	1	1	0	0	0	0	0	1	1	1	1	0	1	1	0	1	1	1	1	0	0	0	0	0	1	1	0	0	1	0	1	0	1	0	1	0	0	1	0	1	0	1	0	1	1	0	1	1	1	0	1	0	1	0	1	0	1	1	1	0	0	1	1	0	0	0	1	0	1	0	0	1	1	1	1	1	1	1	0	0	0	0	0	1	
6144	5088	1	0	1	1	1	1	0	0	1	1	1	1	1	1	0	1	0	0	1	1	1	0	1	0	0	0	1	1	0	1	0	0	1	1	1	1	1	1	1	1	1	0	1	1	0	1	0	0	1	0	1	0	1	1	0	0	0	0	0	0	0	1	1	1	1	1	1	1	0	0	0	0	0	1	1	1	1	0	1	1	0	1	1	1	1	0	0	1	0	0	1	1	0	0	1	0	1	0	1	0	1	0	0	1	0	1	0	1	0	1	1	0	1	1	1	0	1	0	1	0	1	0	1	1	1	0	0	1	1	0	0	0	1	0	1	0	0	1	1	1	1	1	1	1	0	0	1	0	0	1	
6143	5097	1	0	1	1	1	1	0	0	1	1	1	1	0	1	0	1	0	0	1	1	1	0	1	0	0	0	1	1	0	1	0	0	1	1	1	1	0	1	1	1	1	0	1	1	0	1	0	0	1	0	1	0	1	1	0	1	0	0	0	0	0	1	1	1	1	1	1	1	0	0	0	0	0	1	1	1	1	0	1	1	0	1	1	1	1	0	0	0	0	0	1	1	0	0	1	0	1	0	1	0	1	0	0	1	0	1	0	1	1	1	1	0	1	1	1	0	1	0	1	0	1	0	1	1	1	0	0	1	1	0	0	1	1	0	1	0	0	1	1	1	1	1	1	1	0	0	1	0	0	1	
6139	5104	1	0	1	1	1	1	0	0	1	1	1	1	1	1	0	1	0	0	1	1	1	0	1	0	0	0	1	1	0	1	0	0	1	1	1	0	0	1	1	1	1	0	1	1	0	1	0	0	1	0	1	0	1	0	1	1	0	0	0	0	0	1	1	1	1	1	1	1	0	0	0	0	0	1	1	1	1	0	1	1	0	1	1	1	1	0	0	1	0	0	1	1	0	0	1	0	1	0	1	0	1	0	0	1	0	1	0	1	1	1	1	0	1	1	1	0	1	0	1	0	1	0	1	1	1	0	0	1	1	0	0	1	1	0	1	0	0	1	1	1	1	1	1	1	0	0	1	0	0	1	
6138	5111	1	0	1	1	1	1	0	0	1	1	1	1	0	1	0	1	0	0	1	1	1	0	1	0	0	0	1	1	0	1	0	0	1	1	1	1	0	1	1	1	1	0	1	1	0	1	0	0	1	0	1	0	1	1	0	1	0	0	0	0	0	1	1	1	1	1	1	1	0	0	0	0	0	1	1	1	1	0	1	1	0	1	1	1	1	1	0	0	0	0	1	1	0	0	1	0	1	0	1	0	1	0	0	1	0	1	0	1	1	1	0	0	1	1	1	0	1	0	1	0	1	0	1	1	1	0	0	1	1	0	0	1	1	0	1	0	0	1	1	1	1	1	1	1	0	0	1	0	0	1	
6137	5116	1	0	1	1	1	1	0	0	1	1	1	1	1	1	0	1	0	0	1	1	1	0	1	0	0	0	1	1	0	1	0	0	1	1	1	1	1	1	1	1	1	0	1	1	0	1	0	0	1	0	1	0	1	0	1	1	0	0	0	0	0	1	1	1	1	1	1	1	0	0	0	0	0	1	1	1	1	0	1	1	0	1	1	1	1	1	0	0	0	0	1	1	0	0	1	0	1	0	1	0	1	0	0	1	0	1	0	1	0	1	0	0	1	1	1	0	1	0	1	0	1	0	1	1	1	0	1	1	1	0	0	0	1	0	1	0	0	1	1	0	1	1	1	1	0	0	1	0	0	1	
6136	5118	1	0	1	1	1	1	0	0	1	1	1	1	1	1	0	1	0	0	1	1	1	0	1	0	0	0	1	1	0	1	0	0	1	1	1	1	0	1	1	1	1	1	1	1	0	1	0	0	1	0	1	0	1	0	0	1	0	0	0	0	0	1	1	1	1	1	1	1	0	0	0	0	0	1	1	1	1	0	1	1	0	1	1	1	1	0	0	0	0	0	1	1	0	0	1	0	1	0	1	1	1	0	0	1	0	1	0	1	0	1	1	0	1	1	1	0	1	0	1	0	1	0	1	1	1	0	0	1	1	0	0	1	1	0	1	0	0	1	1	1	1	1	1	1	0	0	0	0	0	1	
6134	5120	1	0	1	1	1	1	0	0	1	1	1	1	1	1	0	1	0	0	1	1	1	0	1	0	0	0	1	1	0	1	0	0	1	1	1	1	0	0	1	1	1	1	1	1	0	1	0	0	1	0	1	0	1	1	1	0	0	0	0	0	0	1	1	1	1	1	1	1	0	0	0	0	0	1	1	1	1	0	1	1	0	1	1	1	1	0	0	0	0	0	1	1	0	0	1	0	1	0	1	0	1	0	0	1	0	1	0	1	1	1	1	0	1	1	1	0	1	0	1	0	1	0	1	1	1	0	0	1	1	0	0	0	1	0	1	0	0	1	1	1	1	1	1	1	0	0	1	0	0	1	
6133	5127	1	0	1	1	1	1	0	0	1	1	1	1	1	1	0	1	0	0	1	1	1	0	1	0	0	0	1	1	0	1	0	0	1	1	1	1	0	1	1	1	1	0	1	1	0	1	0	0	1	0	1	0	1	0	1	1	0	0	0	0	0	1	1	1	1	1	1	1	0	0	0	0	0	1	1	1	1	0	1	1	0	1	1	1	1	1	0	1	0	0	1	1	0	0	1	0	1	0	1	0	1	1	0	1	0	1	0	1	0	1	0	0	1	1	1	0	1	0	1	0	1	0	1	1	1	0	0	1	1	0	0	0	1	0	1	0	0	1	1	0	1	1	1	1	0	0	1	0	0	1	
6132	5136	1	0	1	1	1	1	0	1	1	1	1	1	1	1	0	1	0	0	1	1	1	0	1	0	0	0	1	1	0	1	0	0	1	1	1	1	0	1	1	1	1	1	1	1	0	1	0	0	1	0	1	0	1	0	0	1	0	0	0	0	0	1	1	1	1	1	1	1	0	0	0	0	0	1	1	1	1	0	1	1	0	1	1	1	1	0	0	1	0	0	1	1	0	0	1	0	1	0	1	0	1	0	0	1	0	1	0	1	0	1	1	0	1	1	1	0	1	0	1	0	1	0	1	1	1	0	0	1	1	0	0	0	1	0	1	0	0	1	1	1	1	1	1	1	0	0	0	0	0	1	
6131	5147	1	0	1	1	1	1	0	0	1	1	1	1	1	1	0	1	0	0	1	1	1	0	1	0	0	0	1	1	0	1	0	0	1	1	1	1	0	1	1	1	1	0	1	1	0	1	0	0	1	0	1	0	1	0	0	1	0	0	0	0	0	1	1	1	1	1	1	1	0	0	0	0	0	1	1	1	1	0	1	1	1	1	1	1	1	0	0	0	0	0	1	1	0	0	1	0	1	0	1	1	1	0	0	1	0	1	0	1	1	1	1	0	1	1	1	0	1	0	1	0	1	0	1	1	1	0	1	1	1	0	0	0	0	0	1	0	0	1	1	1	1	1	1	1	0	0	1	0	0	1	
6130	5168	1	0	1	1	1	1	0	0	1	1	1	1	1	1	0	1	0	0	1	1	1	0	1	0	0	0	1	1	0	1	0	0	1	1	1	1	0	0	1	1	1	0	1	1	0	1	0	0	1	0	1	0	1	1	0	1	0	0	0	0	0	1	1	1	1	1	1	1	0	0	0	0	0	1	1	1	1	0	1	1	1	1	1	1	1	0	0	0	0	0	1	1	0	0	1	0	1	0	1	1	1	0	0	1	0	1	0	1	1	1	0	0	1	1	1	0	1	0	1	0	1	0	1	1	1	0	0	1	1	0	0	0	1	0	1	0	0	1	1	1	1	1	1	1	0	0	1	0	0	1	
6126	5170	1	0	1	1	1	1	0	0	1	1	1	1	0	1	0	1	0	0	1	1	1	0	1	0	0	0	1	1	0	1	0	0	1	1	1	1	0	1	1	1	1	1	1	1	0	1	0	0	1	0	1	0	1	1	0	1	0	0	0	0	0	1	1	1	1	1	1	1	0	0	0	0	0	1	1	1	1	0	1	1	0	1	1	1	1	0	0	1	0	0	1	1	0	0	1	0	1	0	1	0	1	0	0	1	0	1	0	1	1	1	0	0	1	1	1	0	1	0	1	0	1	0	1	1	1	0	0	1	1	0	0	0	1	0	1	0	0	1	1	1	1	1	1	1	0	0	1	0	0	1	
6125	5174	1	0	1	1	1	1	0	0	1	1	1	1	1	1	0	1	0	0	1	1	1	0	1	0	0	0	1	1	0	1	0	0	1	1	1	1	1	1	1	1	1	1	1	1	0	1	0	0	1	0	1	0	1	0	0	1	0	0	0	0	0	1	1	1	1	1	1	1	0	0	0	0	0	1	1	1	1	0	1	1	0	1	1	1	1	1	0	0	0	0	1	1	0	0	1	0	1	0	1	1	1	0	0	1	0	1	0	1	0	1	0	0	1	1	1	0	1	0	1	0	1	0	1	1	1	0	0	1	1	0	0	0	1	0	1	0	0	1	1	0	1	1	1	1	0	0	1	0	0	1	
6124	5180	1	0	1	1	1	1	0	0	1	1	1	1	1	1	0	1	0	0	1	1	1	0	1	0	0	0	1	1	0	1	0	0	1	1	1	1	0	0	1	1	1	0	1	1	0	1	0	0	1	0	1	0	1	1	0	1	0	0	0	0	0	1	1	1	1	1	1	1	0	0	0	0	0	1	1	1	1	0	1	1	1	1	1	1	1	0	0	0	0	0	1	1	0	0	1	0	1	0	1	0	1	0	0	1	0	1	0	1	0	1	1	0	1	1	1	0	1	0	1	0	1	0	1	1	1	0	1	1	1	0	0	0	1	0	1	0	0	1	1	1	1	1	1	1	0	0	1	0	0	1	
6120	5183	1	0	1	1	1	1	0	0	1	1	1	1	1	1	0	1	0	0	1	1	1	0	1	0	0	0	1	1	0	1	0	0	1	1	1	1	0	1	1	1	1	0	1	1	0	1	0	0	1	0	1	0	1	0	0	1	0	0	0	0	0	1	1	1	1	1	1	1	0	0	0	0	0	1	1	1	1	0	1	1	0	1	1	1	1	0	0	1	0	0	1	1	1	0	1	0	1	0	1	0	1	0	0	1	0	1	0	1	1	1	0	0	1	1	1	0	1	0	1	0	1	0	1	1	1	0	1	1	1	0	0	0	1	0	1	0	0	1	1	1	1	1	1	1	0	0	1	0	0	1	
6118	5189	1	0	1	1	1	1	0	0	1	1	1	1	1	1	0	1	0	0	1	1	1	0	1	0	0	0	1	1	0	1	0	0	1	1	1	1	0	1	1	1	1	0	1	1	0	1	0	0	1	0	1	0	1	0	0	1	0	0	0	0	0	1	1	1	1	1	1	1	0	0	0	0	0	1	1	1	1	0	1	1	0	1	1	1	1	0	0	1	0	0	1	1	0	0	1	0	1	0	1	1	1	0	0	1	0	1	0	1	1	1	1	0	1	1	1	0	1	0	1	0	1	0	1	1	1	0	0	1	1	0	0	1	1	0	1	0	0	1	1	0	1	1	1	1	0	0	1	0	0	1	
6117	5190	1	0	1	1	1	1	0	0	1	1	1	1	1	1	0	1	0	0	1	1	1	0	1	0	0	0	1	1	0	1	0	0	1	1	1	1	0	1	1	1	1	1	1	1	0	1	0	0	1	0	1	0	1	0	1	1	0	0	0	0	0	1	1	1	1	1	1	1	0	0	0	0	0	1	1	1	1	0	1	1	0	0	1	1	1	1	0	0	0	0	1	1	0	0	1	0	1	0	1	1	1	0	0	1	0	1	0	1	1	1	0	0	1	1	1	0	1	0	1	0	1	0	1	1	1	0	0	1	1	0	0	0	1	0	1	0	0	1	1	1	1	1	1	1	0	0	1	0	0	1	
6116	5227	1	0	1	1	1	1	0	0	1	1	1	1	1	1	0	1	0	0	1	1	1	0	1	0	0	0	1	1	0	1	0	0	1	1	1	1	0	1	1	1	1	0	1	1	0	1	0	0	1	0	1	0	1	0	0	1	0	0	0	0	0	1	1	1	1	1	1	1	0	0	0	0	0	1	1	1	1	0	1	1	1	1	1	1	1	1	0	1	0	0	1	1	0	0	1	0	1	0	1	0	1	0	0	1	0	1	0	1	0	1	0	0	1	1	1	0	1	0	1	0	1	0	1	1	1	0	1	1	1	0	0	0	1	0	1	0	0	1	1	1	1	1	1	1	0	0	1	0	0	1	
6112	5228	1	0	1	1	1	1	0	0	1	1	1	1	0	1	0	1	0	0	1	1	1	0	1	0	0	0	1	1	0	1	0	0	1	1	1	1	0	1	1	1	1	1	1	1	0	1	0	0	1	0	1	0	1	1	0	0	0	0	0	0	0	1	1	1	1	1	1	1	0	0	0	0	0	1	1	1	1	0	1	1	1	1	1	1	1	0	0	1	0	0	1	1	0	0	1	0	1	0	1	0	1	0	0	1	0	1	0	1	1	1	1	0	1	1	1	0	1	0	1	0	1	0	1	1	1	0	0	1	1	0	0	0	1	0	1	0	0	1	1	1	1	1	1	1	0	0	1	0	0	1	
6108	5241	1	0	1	1	1	1	0	0	1	1	1	1	1	1	0	1	0	0	1	1	1	0	1	0	0	0	1	1	0	1	0	0	1	1	1	1	0	1	1	1	1	0	1	1	0	1	0	0	1	0	1	0	1	0	1	1	0	0	0	0	0	1	1	1	1	1	1	1	0	0	0	0	0	1	1	1	1	0	1	1	1	1	1	1	1	0	0	1	0	0	1	1	0	0	1	0	1	0	1	1	1	0	0	1	0	1	0	1	0	1	1	0	1	1	1	0	1	0	1	0	1	0	1	1	1	0	0	1	1	0	0	0	1	0	1	0	0	1	1	0	1	1	1	1	0	0	1	0	0	1	
6105	5246	1	0	1	1	1	1	0	0	1	1	1	1	1	1	0	1	0	0	1	1	1	0	1	0	0	0	1	1	0	1	0	0	1	1	1	1	0	0	1	1	1	0	1	1	0	1	0	0	1	0	1	0	1	0	1	1	0	0	0	0	0	1	1	1	1	1	1	1	0	0	0	0	0	1	1	1	1	0	1	1	1	1	1	1	1	0	0	1	0	0	1	1	0	0	1	0	1	0	1	1	1	0	0	1	0	1	0	1	0	1	0	0	1	1	1	0	1	0	1	0	1	0	1	1	1	0	1	1	1	0	0	0	1	0	1	0	0	1	1	1	1	1	1	1	0	0	1	0	0	1	
6103	5252	1	0	1	1	1	1	0	1	1	1	1	1	0	1	0	1	0	0	1	1	1	0	1	0	0	0	1	1	0	1	0	0	1	1	1	1	0	1	1	1	1	1	1	1	0	1	0	0	1	0	1	0	1	0	0	1	0	0	0	0	0	1	1	1	1	1	1	1	0	0	0	0	0	1	1	1	1	0	1	1	0	1	1	1	1	0	0	1	0	0	1	1	0	0	1	0	1	0	1	1	1	0	0	1	0	1	0	1	1	1	1	0	1	1	1	0	1	0	1	0	1	0	1	1	1	0	0	1	1	0	0	0	1	0	1	0	0	1	1	0	1	1	1	1	0	0	1	0	0	1	
6101	5263	1	0	1	1	1	1	0	1	1	1	1	1	1	1	0	1	0	0	1	1	1	0	1	0	0	0	1	1	0	1	0	0	1	1	1	1	0	0	1	1	1	0	1	1	0	1	0	0	1	0	1	0	1	0	0	1	0	0	0	0	0	1	1	1	1	1	1	1	0	0	0	0	0	1	1	1	1	0	1	1	1	1	1	1	1	1	0	1	0	0	1	1	0	0	1	0	1	0	1	1	1	0	0	1	0	1	0	1	0	1	0	0	1	1	1	0	1	0	1	0	1	0	1	1	1	0	0	1	1	0	0	0	1	0	1	0	0	1	1	1	1	1	1	1	0	0	1	0	0	1	
6098	5274	1	0	1	1	1	1	0	0	1	1	1	1	1	1	0	1	0	0	1	1	1	0	1	0	0	0	1	1	0	1	0	0	1	1	1	1	0	0	1	1	1	1	1	1	0	1	0	0	1	0	1	0	1	0	0	1	0	0	0	0	0	1	1	1	1	1	1	1	0	0	0	0	0	1	1	1	1	0	1	1	1	1	1	1	1	1	0	0	0	0	1	1	0	0	1	0	1	0	1	1	1	0	0	1	0	1	0	1	1	1	0	0	1	1	1	0	1	0	1	0	1	0	1	1	1	0	0	1	1	0	0	1	1	0	1	0	0	1	1	0	1	1	1	1	0	0	1	0	0	1	
6092	5288	1	0	1	1	1	1	0	0	1	1	1	1	1	1	0	1	0	0	1	1	1	0	1	0	0	0	1	1	0	1	0	0	1	1	1	1	0	1	1	1	1	1	1	1	0	1	0	0	1	0	1	0	1	0	0	1	0	0	0	0	0	1	1	1	1	1	1	1	0	0	0	0	0	1	1	1	1	0	1	1	1	1	1	1	1	1	0	0	0	0	1	1	1	0	1	0	1	0	1	0	1	0	0	1	0	1	0	1	0	1	1	0	1	1	1	0	1	0	1	0	1	0	1	1	1	0	0	1	1	0	0	0	1	0	1	0	0	1	1	0	1	1	1	1	0	0	1	0	0	1	
6087	5300	1	0	1	1	1	1	0	0	1	1	0	1	0	1	0	1	0	0	1	1	1	0	1	0	0	0	1	1	0	1	0	0	1	1	1	1	0	1	1	1	1	1	1	1	0	1	0	0	1	0	1	0	1	1	1	1	0	0	0	0	0	1	1	1	1	1	1	1	0	0	0	0	0	1	1	1	1	0	1	1	1	1	1	1	1	1	0	1	0	0	1	1	0	0	1	0	1	0	1	0	1	0	0	1	0	1	0	1	0	1	0	0	1	1	1	0	1	0	1	0	1	0	1	1	1	0	0	1	1	0	0	0	1	0	1	0	0	1	1	1	1	1	1	1	0	0	1	0	0	1	
6086	5302	1	0	1	1	1	1	0	1	1	1	1	1	1	1	0	1	0	0	1	1	1	0	1	0	0	0	1	1	0	1	0	0	1	1	1	1	0	1	1	1	1	0	1	1	0	1	0	0	1	0	1	0	1	0	0	1	0	0	0	0	0	1	1	1	1	1	1	1	0	0	0	0	0	1	1	1	1	0	1	1	1	0	1	1	1	1	0	1	0	0	1	1	0	0	1	0	1	0	1	1	1	0	0	1	0	1	0	1	1	1	1	0	1	1	1	0	1	0	1	0	1	0	1	1	1	0	0	1	1	0	0	0	1	0	1	0	0	1	1	0	1	1	1	1	0	0	1	0	0	1	
6084	5306	1	0	1	1	1	1	0	1	1	1	1	1	1	1	0	1	0	0	1	1	1	0	1	0	0	0	1	1	0	1	0	0	1	1	1	1	0	0	1	1	1	0	1	1	0	1	0	0	1	0	1	0	1	0	0	1	0	0	0	0	0	1	1	1	1	1	1	1	0	0	0	0	0	1	1	1	1	0	1	1	1	1	1	1	1	1	0	1	0	0	1	1	0	0	1	0	1	0	1	1	1	0	0	1	0	1	0	1	0	1	1	0	1	1	1	0	1	0	0	0	1	0	1	1	1	0	0	1	1	0	0	0	1	0	1	0	0	1	1	1	1	1	1	1	0	0	1	0	0	1	
6083	5307	1	0	1	1	1	1	0	1	1	1	1	1	1	1	0	1	0	0	1	1	1	0	1	0	0	0	1	1	0	1	0	0	1	1	1	1	0	0	1	1	1	0	1	1	0	1	0	0	1	0	1	0	1	0	0	1	0	0	0	0	0	1	1	1	1	1	1	1	0	0	0	0	0	1	1	1	1	0	1	1	1	0	1	1	1	1	0	1	0	0	1	1	0	0	1	0	1	0	1	1	1	0	0	1	0	1	0	1	1	1	0	0	1	1	1	0	1	0	1	0	1	0	1	1	1	0	1	1	1	0	0	0	1	0	1	0	0	1	1	1	1	1	1	1	0	0	1	0	0	1	
6082	5314	1	0	1	1	1	1	0	0	1	1	1	1	1	1	0	1	0	0	1	1	1	0	1	0	0	0	1	1	0	1	0	0	1	1	1	1	0	0	1	1	1	1	1	1	0	1	0	0	1	0	1	0	1	0	1	1	0	0	0	0	0	1	1	1	1	1	1	1	0	0	0	0	0	1	1	1	1	0	1	1	1	1	1	1	1	1	0	1	0	0	1	1	0	0	1	0	1	0	1	0	1	0	0	1	0	1	0	1	0	1	0	0	1	1	1	0	1	0	1	0	1	0	1	1	1	0	1	1	1	0	0	0	1	0	1	0	0	1	1	0	1	1	1	1	0	0	1	0	0	1	
6081	5326	1	0	1	1	1	1	0	0	1	1	0	1	1	1	0	1	0	0	1	1	1	0	1	0	0	0	1	1	0	1	0	0	1	1	1	1	0	1	1	1	1	1	1	1	0	1	0	0	1	0	1	0	1	1	0	1	0	0	0	0	0	1	1	1	1	1	1	1	0	0	0	0	0	1	1	1	1	0	1	1	1	1	1	1	1	1	0	1	0	0	1	1	0	0	1	0	1	0	1	0	1	0	0	1	0	1	0	1	0	1	1	0	1	1	1	0	1	0	1	0	1	0	1	1	1	0	0	1	1	0	0	0	1	0	1	0	0	1	1	0	1	1	1	1	0	0	1	0	0	1	
6078	5331	1	0	1	1	1	1	0	0	1	1	0	1	1	1	0	1	0	0	1	1	1	0	1	0	0	0	1	1	0	1	0	0	1	1	1	1	0	0	1	1	1	1	1	1	0	1	0	0	1	0	1	0	1	1	0	1	0	0	0	0	0	1	1	1	1	1	1	1	0	0	0	0	0	1	1	1	1	0	1	1	1	1	1	1	1	1	0	1	0	0	1	1	0	0	1	0	1	0	1	0	1	0	0	1	0	1	0	1	0	1	0	0	1	1	1	0	1	0	1	0	1	0	1	1	1	0	1	1	1	0	0	0	1	0	1	0	0	1	1	1	1	1	1	1	0	0	1	0	0	1	
6077	5341	1	0	1	1	1	1	0	0	1	1	1	1	1	1	0	1	0	0	1	1	1	0	1	0	0	0	1	1	0	1	0	0	1	1	1	1	0	0	1	1	1	0	1	1	0	1	0	0	1	0	1	0	1	1	0	1	0	0	0	0	0	1	1	1	1	1	1	1	0	0	0	0	0	1	1	1	1	0	1	1	1	1	1	1	1	1	0	1	0	0	1	1	1	0	1	0	1	0	1	1	1	0	0	1	0	1	0	1	0	1	0	0	1	1	1	0	1	0	1	0	1	0	1	1	1	0	0	1	1	0	0	0	1	0	1	0	0	1	1	0	1	1	1	1	0	0	1	0	0	1	
6072	5346	1	0	1	1	1	1	0	0	1	1	1	1	0	1	0	1	0	0	1	1	1	0	1	0	0	0	1	1	0	1	0	0	1	1	1	1	0	1	1	1	1	1	1	1	0	1	0	0	1	0	1	0	1	0	1	0	0	0	0	0	0	1	1	1	1	1	1	1	0	0	0	0	0	1	1	1	1	0	1	1	1	1	1	1	1	1	0	1	0	0	1	1	0	0	1	0	1	0	1	1	1	0	0	1	0	1	0	1	0	1	1	0	1	1	1	0	1	0	1	0	1	0	1	1	1	0	1	1	1	0	0	0	1	0	1	0	0	1	1	0	1	1	1	1	0	0	1	0	0	1	
6069	5371	1	0	1	1	1	1	0	0	1	1	0	1	1	1	0	1	0	0	1	1	1	0	1	0	0	0	1	1	0	1	0	0	1	1	1	1	0	1	1	1	1	1	1	1	0	1	0	0	1	0	1	0	1	0	0	1	0	0	0	0	0	1	1	1	1	1	1	1	0	0	0	0	0	1	1	1	1	0	1	1	1	1	1	1	1	1	0	1	0	0	1	1	1	0	1	0	1	0	1	1	1	0	0	1	0	1	0	1	0	1	0	0	1	1	1	0	1	0	1	0	1	0	1	1	1	0	0	1	1	0	0	0	1	0	1	0	0	1	1	1	1	1	1	1	0	0	1	0	0	1	
6060	5378	1	0	1	1	1	1	0	1	1	1	0	1	1	1	0	1	0	0	1	1	1	0	1	0	0	0	1	1	0	1	0	0	1	1	1	1	0	0	1	1	1	1	1	1	0	1	0	0	1	0	1	0	1	0	0	1	0	0	0	0	0	1	1	1	1	1	1	1	0	0	0	0	0	1	1	1	1	0	1	1	1	1	1	1	1	1	0	1	0	0	1	1	0	0	1	0	1	0	1	1	1	0	0	1	0	1	0	1	0	1	1	0	1	1	1	0	1	0	1	0	1	0	1	1	1	0	0	1	1	0	0	0	1	0	1	1	0	1	1	0	1	1	1	1	0	0	1	0	0	1	
6057	5390	1	0	1	1	1	1	0	0	1	1	1	1	1	1	0	1	0	0	1	1	1	0	1	0	0	0	1	1	0	1	0	0	1	1	1	1	0	1	1	1	1	1	1	1	0	1	0	0	1	0	1	0	1	0	0	1	0	0	0	0	0	1	1	1	1	1	1	1	0	0	0	0	0	1	1	1	1	0	1	0	1	1	1	1	1	0	0	1	0	0	1	1	1	0	1	0	1	0	1	1	1	0	0	1	0	1	0	1	0	1	1	0	1	1	1	0	1	0	1	0	1	0	1	1	1	0	1	1	1	0	0	0	1	0	1	0	0	1	1	0	1	1	1	1	0	0	1	0	0	1	
6054	5395	1	0	1	1	1	1	0	0	1	1	0	1	0	1	0	1	0	0	1	1	1	0	1	0	0	0	1	1	0	1	0	0	1	1	1	1	0	1	1	1	1	1	1	1	0	1	0	0	1	0	1	0	1	0	1	1	0	0	0	0	0	1	1	1	1	1	1	1	0	0	0	0	1	1	1	1	1	0	1	1	1	1	1	1	1	1	0	1	0	0	1	1	0	0	1	0	1	0	1	1	1	0	0	1	0	1	0	1	0	1	1	0	1	1	1	0	1	0	1	0	1	0	1	1	1	0	0	1	1	0	0	0	1	0	1	0	0	1	1	0	1	1	1	1	0	0	1	0	0	1	
6051	5400	1	0	1	1	1	1	0	0	1	1	0	1	0	1	0	1	0	0	1	1	1	0	1	0	0	0	1	1	0	1	0	0	1	1	1	1	0	0	1	1	1	1	1	1	0	1	0	0	1	0	1	0	1	0	1	1	0	0	0	0	0	1	1	1	1	1	1	1	0	0	0	0	1	1	1	1	1	0	1	1	1	1	1	1	1	1	0	1	0	0	1	1	0	0	1	0	1	0	1	1	1	0	0	1	0	1	0	1	0	1	0	0	1	1	1	0	1	0	1	0	1	0	1	1	1	0	1	1	1	0	0	0	1	0	1	0	0	1	1	1	1	1	1	1	0	0	1	0	0	1	
6049	5407	1	0	1	1	1	1	0	0	1	1	0	1	0	1	0	1	0	0	1	1	1	0	1	0	0	0	1	1	0	1	0	0	1	1	1	1	0	1	1	1	1	1	1	1	0	1	0	0	1	0	1	0	1	0	1	1	0	0	0	0	0	1	1	1	1	1	1	1	0	0	0	0	0	1	1	1	1	0	1	1	1	0	1	1	1	1	0	1	0	0	1	1	0	0	1	0	1	0	1	1	1	0	0	1	0	1	0	1	0	1	1	0	1	1	1	0	1	0	1	0	1	0	1	1	1	0	1	1	1	0	0	1	1	0	1	0	0	1	1	1	1	1	1	1	0	0	1	0	0	1	
6047	5408	1	0	1	1	1	1	0	0	1	1	1	1	0	1	0	1	0	0	1	1	1	0	1	0	0	0	1	1	0	1	0	0	1	1	1	1	0	0	1	1	1	1	1	1	0	1	0	0	1	0	1	0	1	0	0	1	0	0	0	0	0	1	1	1	1	1	1	1	0	0	0	0	0	1	1	1	1	0	1	1	1	1	1	1	1	0	0	1	0	0	1	1	1	0	1	0	1	0	1	1	1	0	0	1	0	1	0	1	0	1	1	0	1	1	1	0	1	0	1	0	1	0	1	1	1	0	1	1	1	0	0	1	1	0	1	0	0	1	1	0	1	1	1	1	0	0	1	0	0	1	
6043	5422	1	0	1	1	1	1	0	0	1	1	0	1	1	1	0	1	0	0	1	1	1	0	1	0	0	0	1	1	0	1	0	0	1	1	1	1	0	0	1	1	1	1	1	1	0	1	0	0	1	0	1	0	1	0	0	0	0	0	0	0	0	1	1	1	1	1	1	1	0	0	0	0	0	1	1	1	1	0	1	1	1	1	1	1	1	1	0	1	0	0	1	1	1	0	1	0	1	0	1	1	1	0	0	1	0	1	0	1	0	1	1	0	1	1	1	0	1	0	1	0	1	0	1	1	1	0	1	1	1	0	0	1	1	0	1	0	0	1	1	1	1	1	1	1	0	0	1	0	0	1	
6040	5428	1	0	1	1	1	1	0	1	1	1	1	1	0	1	0	1	0	0	1	1	1	0	1	0	0	0	1	1	0	1	0	0	1	1	1	1	0	1	1	1	1	1	1	1	0	1	0	0	1	0	1	0	1	0	0	0	0	0	0	0	0	1	1	1	1	1	1	1	0	0	0	0	0	1	1	1	1	0	1	0	1	1	1	1	1	1	0	1	0	0	1	1	1	0	1	0	1	0	1	1	1	0	0	1	0	1	0	1	1	1	1	0	1	1	1	0	1	0	1	0	1	0	1	1	1	0	1	1	1	0	0	0	1	0	1	0	0	1	1	0	1	1	1	1	0	0	1	0	0	1	
6037	5430	1	0	1	1	1	1	0	0	1	1	0	1	1	1	0	1	0	0	1	1	1	0	1	0	0	0	1	1	0	1	0	0	1	1	1	1	0	1	1	1	1	1	1	1	0	1	0	0	1	0	1	0	1	1	0	1	0	0	0	0	0	1	1	1	1	1	1	1	0	0	0	0	0	1	1	1	1	0	1	0	1	1	1	1	1	1	0	1	0	0	1	1	1	0	1	0	1	0	1	0	1	0	0	1	0	1	0	1	0	1	1	0	1	1	1	0	1	0	1	0	1	0	1	1	1	0	1	1	1	0	0	0	1	0	1	0	0	1	1	0	1	1	1	1	0	0	1	0	0	1	
6034	5442	1	0	1	1	1	1	0	0	1	1	0	1	0	1	0	1	0	0	1	1	1	0	1	0	0	0	1	1	0	1	0	0	1	1	1	1	0	1	1	1	1	1	1	1	0	1	0	0	1	0	1	0	1	0	1	1	0	0	0	0	0	1	1	1	1	1	1	1	0	0	0	0	0	1	1	1	1	0	1	0	1	1	1	1	1	1	0	1	0	0	1	1	1	0	1	0	1	0	1	1	1	0	0	1	0	1	0	1	0	1	0	0	1	1	1	0	1	0	1	0	1	0	1	1	1	0	1	1	1	0	0	1	1	0	1	0	0	1	1	1	1	1	1	1	0	0	1	0	0	1	
6030	5463	1	0	1	1	1	1	0	1	1	1	0	1	1	1	0	1	0	0	1	1	1	0	1	0	0	0	1	1	0	1	0	0	1	1	1	1	0	0	1	1	1	1	1	1	0	1	0	0	1	0	1	0	1	0	0	1	0	0	0	0	0	1	1	1	1	1	1	1	0	0	0	0	0	1	1	1	1	0	1	1	1	0	1	1	1	1	0	1	0	0	1	1	1	0	1	0	1	0	1	1	1	0	0	1	0	1	0	1	0	1	1	0	1	1	1	0	1	0	1	0	1	0	1	1	1	0	1	1	1	0	0	0	1	0	1	0	0	1	1	1	1	1	1	1	0	0	1	0	0	1	
6028	5468	1	0	1	1	1	1	0	0	1	1	0	1	1	1	0	1	0	0	1	1	1	0	1	0	0	0	1	1	0	1	0	0	1	1	1	1	0	1	1	1	1	1	1	1	0	1	0	0	1	0	1	0	1	0	0	1	0	0	0	0	0	1	1	1	1	1	1	1	0	0	0	0	0	1	1	1	1	0	1	0	1	1	1	1	1	1	0	1	0	0	1	1	1	0	1	0	1	0	1	1	1	0	0	1	0	1	0	1	0	1	1	0	1	1	1	0	1	0	1	0	1	0	1	1	1	0	1	1	1	0	0	1	1	0	1	0	0	1	1	0	1	1	1	1	0	0	1	0	0	1	
6020	5476	1	0	1	1	1	1	0	0	1	1	0	1	1	1	0	1	0	0	1	1	1	0	1	0	0	0	1	1	0	1	0	0	1	1	1	1	0	0	1	1	1	1	1	1	0	1	0	0	1	0	1	0	1	0	0	1	0	0	0	0	0	1	1	1	1	1	1	1	0	0	0	0	1	1	1	1	1	0	1	1	1	0	1	1	1	1	0	1	0	0	1	1	1	0	1	0	1	0	1	1	1	0	0	1	0	1	0	1	0	1	1	0	1	1	1	0	1	0	1	0	1	0	1	1	1	0	1	1	1	0	0	0	1	0	1	0	0	1	1	1	1	1	1	1	0	0	1	0	0	1	
6017	5485	1	0	1	1	1	1	0	0	1	1	0	1	0	1	0	1	0	0	1	1	1	0	1	0	0	0	1	1	0	1	0	0	1	1	1	1	0	1	1	1	1	1	1	1	0	1	0	0	1	0	1	0	1	0	1	1	0	0	0	0	0	1	1	1	1	1	1	1	0	0	0	0	0	1	1	1	1	0	1	0	1	1	1	1	1	1	0	1	0	0	1	1	1	0	1	0	1	0	1	1	1	0	0	1	0	1	0	1	0	1	1	0	1	1	1	0	1	0	0	0	1	0	1	1	1	0	1	1	1	0	0	1	1	0	1	0	0	1	1	1	1	1	1	1	0	0	1	0	0	1	
6012	5486	1	0	1	1	1	1	0	0	1	1	1	0	1	1	0	1	0	0	1	1	1	0	1	0	0	0	1	1	0	1	0	0	1	1	1	1	0	0	1	1	1	1	1	1	0	1	0	0	1	0	1	0	1	1	0	1	0	0	0	0	0	1	1	1	1	1	1	1	0	0	0	0	0	1	1	1	1	0	1	0	1	1	1	1	1	1	0	1	0	0	1	1	1	0	1	0	1	0	1	1	1	0	0	1	0	1	0	1	1	1	0	0	1	1	1	0	1	0	1	0	1	0	1	1	1	0	1	1	1	0	0	0	1	0	1	0	0	1	1	0	1	1	1	1	0	0	1	0	0	1	
6010	5499	1	0	1	1	1	1	0	0	1	1	0	1	0	1	0	1	0	0	1	1	1	0	1	0	0	0	1	1	0	1	0	0	1	1	1	1	0	1	1	1	1	1	1	1	0	1	0	0	1	0	1	0	1	0	1	1	0	0	0	0	0	1	1	1	1	1	1	1	0	0	0	0	1	1	1	1	1	0	1	0	1	1	1	1	1	1	0	1	0	0	1	1	1	0	1	0	1	0	1	1	1	0	0	1	0	1	0	1	0	1	1	0	1	1	1	0	1	0	1	0	1	0	1	1	1	0	1	1	1	0	0	0	1	0	1	0	0	1	1	0	1	1	1	1	0	0	1	0	0	1	
6006	5503	1	0	1	1	1	1	0	1	1	1	0	1	0	1	0	1	0	0	1	1	1	0	1	0	0	0	1	1	0	1	0	0	1	1	1	1	0	0	1	1	1	1	1	1	0	1	0	0	1	0	1	1	1	1	0	1	0	0	0	0	0	1	1	1	1	1	1	1	0	0	0	0	0	1	1	1	1	0	1	0	1	1	1	1	1	1	0	1	0	0	1	1	1	0	1	0	1	0	1	1	1	0	0	1	0	1	0	1	0	1	1	0	1	1	1	0	1	0	1	0	1	0	1	1	1	0	1	1	1	0	0	0	1	0	1	0	0	1	1	0	1	1	1	1	0	0	1	0	0	1	
6004	5506	1	0	1	1	1	1	0	0	1	1	0	1	1	1	0	1	0	0	1	1	1	0	1	0	0	0	1	1	0	1	0	0	1	1	1	1	0	0	1	1	1	1	1	1	0	1	0	0	1	0	1	0	1	1	1	1	0	0	0	0	0	1	1	1	1	1	1	1	0	0	0	0	0	1	1	1	1	0	1	0	1	1	1	1	1	1	0	1	0	0	1	1	1	0	1	0	1	0	1	1	1	0	0	1	0	1	0	1	0	1	1	0	1	1	1	0	1	0	0	0	1	0	1	1	1	0	1	1	1	0	0	0	1	0	1	0	0	1	1	0	1	1	1	1	0	0	1	0	0	1	
6002	5510	1	0	1	1	1	1	0	0	1	1	1	1	0	1	0	1	0	0	1	1	1	0	1	0	0	0	1	1	0	1	0	0	1	1	1	1	0	0	1	1	1	1	1	1	0	1	0	0	1	0	1	0	1	1	1	1	0	0	0	0	0	1	1	1	1	1	1	1	0	0	0	0	0	1	1	0	1	0	1	0	1	1	1	1	1	1	0	1	0	0	1	1	1	0	1	0	1	0	1	1	1	0	0	1	0	1	0	1	0	1	1	0	1	1	1	0	1	0	1	0	1	0	1	1	1	0	1	1	1	0	0	0	1	0	1	0	0	1	1	0	1	1	1	1	0	0	1	0	0	1	
5999	5513	1	0	1	1	1	1	0	0	1	1	0	1	1	1	0	1	0	0	1	1	1	0	1	0	0	0	1	1	0	1	0	0	1	1	1	1	0	0	1	1	1	1	1	1	0	1	0	0	1	0	1	0	1	0	0	1	0	1	0	0	0	1	1	1	1	1	1	1	0	0	0	0	0	1	1	1	1	0	1	0	1	1	1	1	1	1	0	1	0	0	1	1	1	0	1	0	1	0	1	1	1	0	0	1	0	1	0	1	0	1	1	0	1	1	1	0	1	0	1	0	1	0	1	1	1	0	1	1	1	0	0	0	1	0	1	1	0	1	1	0	1	1	1	1	0	0	1	0	0	1	
5996	5516	1	0	1	1	1	1	0	0	1	1	0	1	0	1	0	1	0	0	1	1	1	0	1	0	0	0	1	1	0	1	0	0	1	1	1	1	0	0	1	1	1	1	1	1	0	1	0	0	1	0	1	1	1	1	0	1	0	0	0	0	0	1	1	1	1	1	1	1	0	0	0	0	1	1	1	1	1	0	1	0	1	1	1	1	1	1	0	1	0	0	1	1	1	0	1	0	1	0	1	1	1	0	0	1	0	1	0	1	0	1	1	0	1	1	1	0	1	0	1	0	1	0	1	1	1	0	1	1	1	0	0	0	1	0	1	0	0	1	1	0	1	1	1	1	0	0	1	0	0	1	
5994	5528	1	0	1	1	1	1	0	0	1	1	0	1	0	1	0	1	0	0	1	1	1	0	1	0	0	0	1	1	0	1	0	0	1	1	1	1	0	1	1	1	1	1	1	1	0	1	0	0	1	1	1	0	1	0	1	1	0	0	0	0	0	1	1	1	1	1	1	1	0	0	0	0	0	1	1	1	1	0	1	0	1	1	1	1	1	1	0	1	0	0	1	1	1	0	1	0	1	0	1	1	1	0	0	1	0	1	0	1	0	1	1	0	1	1	1	0	1	0	1	0	1	0	1	1	1	0	1	1	1	0	0	0	1	0	1	0	0	1	1	0	1	1	1	1	0	0	1	0	0	1	
5990	5529	1	0	1	1	1	1	0	0	1	1	1	0	1	1	0	1	0	0	1	1	1	0	1	0	0	0	1	1	0	1	0	0	1	1	1	1	0	0	1	1	1	1	1	1	0	1	0	0	1	0	1	0	1	1	0	1	0	0	0	0	0	1	1	1	1	1	1	1	0	0	0	0	0	1	1	1	1	0	1	0	1	0	1	1	1	1	0	1	0	0	1	1	1	0	1	0	1	0	1	1	1	0	0	1	0	1	0	1	1	1	1	0	1	1	1	0	1	0	1	0	1	0	1	1	1	0	1	1	1	0	0	1	1	0	1	0	0	1	1	0	1	1	1	1	0	0	1	0	0	1	
5987	5542	1	0	1	1	1	1	0	1	1	1	0	0	0	1	0	1	0	0	1	1	1	0	1	0	0	0	1	1	0	1	0	0	1	1	1	1	0	0	1	1	1	1	1	1	0	1	0	0	1	0	1	0	1	1	1	1	0	0	0	0	0	1	1	1	1	1	1	1	0	0	0	0	0	1	1	1	1	0	1	0	1	1	1	1	1	1	0	1	0	0	1	1	1	0	1	0	1	0	1	1	1	0	0	1	0	1	0	1	1	1	1	0	1	1	1	0	1	0	1	0	1	0	1	1	1	0	0	1	1	0	0	1	1	0	1	0	0	1	1	0	1	1	1	1	0	0	1	0	0	1	
5984	5550	1	0	1	1	1	1	0	0	1	1	0	0	0	1	0	1	0	0	1	1	1	0	1	0	0	0	1	1	0	1	0	0	1	1	1	1	0	1	1	1	1	1	1	1	0	1	0	0	1	0	1	0	1	1	0	1	0	0	0	0	0	1	1	1	1	1	1	1	1	0	0	0	0	1	1	1	1	0	1	1	1	1	1	1	1	1	0	1	0	0	1	1	1	0	1	0	1	0	1	1	1	0	0	1	0	1	0	1	0	1	1	0	1	1	1	0	1	0	0	0	1	0	1	1	1	0	1	1	1	0	0	0	1	0	1	0	0	1	1	0	1	1	1	1	0	0	1	0	0	1	
5978	5552	1	0	1	1	1	1	0	0	1	1	0	1	1	1	0	1	0	0	1	1	1	0	1	0	0	0	1	1	0	1	0	0	1	1	1	1	0	0	1	1	1	1	1	1	0	1	0	0	1	1	1	0	1	1	0	1	0	0	0	0	0	1	1	1	1	1	1	1	0	0	0	0	0	1	1	1	1	0	1	0	1	0	1	1	1	1	0	1	0	0	1	1	1	0	1	0	1	0	1	1	1	0	0	1	0	1	0	1	1	1	1	0	1	1	1	0	1	0	1	0	1	0	1	1	1	0	1	1	1	0	0	0	1	0	1	0	0	1	1	0	1	1	1	1	0	0	1	0	0	1	
5977	5555	1	0	1	1	1	1	0	0	1	1	0	0	0	1	0	1	0	0	1	1	1	0	1	0	0	0	1	1	0	1	0	0	1	1	1	1	0	0	1	1	1	1	1	1	0	1	0	0	1	0	1	0	1	1	1	1	0	0	0	0	0	1	1	1	1	1	1	1	0	0	0	0	1	1	1	1	1	0	1	0	1	1	1	1	1	1	0	1	0	0	1	1	1	0	1	0	1	0	1	1	1	0	0	1	0	1	0	1	1	1	1	0	1	1	1	0	1	0	1	0	1	0	1	1	1	0	0	1	1	0	0	1	1	0	1	0	0	1	1	0	1	1	1	1	0	0	1	0	0	1	
5976	5558	1	0	1	1	1	1	0	0	1	1	0	1	0	1	0	1	0	0	1	1	1	0	1	0	0	0	1	1	0	1	0	0	1	1	1	1	0	0	1	1	1	1	1	1	0	1	0	0	1	0	1	0	1	1	1	1	0	1	0	0	0	1	1	1	1	1	1	1	0	0	0	0	0	1	1	1	1	0	1	0	1	0	1	1	1	1	0	1	0	0	1	1	1	0	1	0	1	0	1	1	1	0	0	1	0	1	0	1	1	1	1	0	1	1	1	0	1	0	0	0	1	0	1	1	1	0	1	1	1	0	0	0	1	0	1	0	0	1	1	1	1	1	1	1	0	0	1	0	0	1	
5972	5560	1	0	1	1	1	1	0	0	1	1	1	0	0	1	0	1	0	0	1	1	1	0	1	0	0	0	1	1	0	1	0	0	1	1	1	1	0	0	1	1	1	1	1	1	0	1	0	0	1	0	1	0	1	1	1	1	0	0	0	0	0	1	1	1	1	1	1	1	0	0	0	0	1	1	1	1	1	0	1	0	1	0	1	1	1	1	0	1	0	0	1	1	1	0	1	0	1	0	1	1	1	0	0	1	0	1	0	1	1	1	1	0	1	1	1	0	1	0	1	0	1	0	1	1	1	0	1	1	1	0	0	0	1	0	1	0	0	1	1	0	1	1	1	1	0	0	1	0	0	1	
5967	5569	1	0	1	1	1	1	0	0	1	1	0	1	0	1	0	1	0	0	1	1	1	0	1	0	0	0	1	1	0	1	0	0	1	1	1	1	0	0	1	1	1	1	1	1	0	1	0	0	1	1	1	0	1	1	1	1	0	0	0	0	0	1	1	1	1	1	1	1	0	0	0	0	0	1	1	1	1	0	1	0	1	0	1	1	1	1	0	1	0	0	1	1	1	0	1	0	1	0	1	1	1	0	0	1	0	1	0	1	1	1	1	0	1	1	1	0	1	0	0	0	1	0	1	1	1	0	1	1	1	0	0	0	1	0	1	0	0	1	1	1	1	1	1	1	0	0	1	0	0	1	
5963	5574	1	0	1	1	1	1	0	0	1	1	0	0	0	1	0	1	0	0	1	1	1	0	1	0	0	0	1	1	0	1	0	0	1	1	1	1	0	1	1	1	1	1	1	1	0	1	0	0	1	0	1	0	1	0	1	1	0	0	0	0	0	1	1	1	1	1	1	1	1	0	0	0	1	1	1	1	1	0	1	0	1	0	1	1	1	1	0	1	0	0	1	1	1	0	1	0	1	0	1	1	1	0	0	1	0	1	0	1	0	1	1	0	1	1	1	0	1	0	1	0	1	0	1	1	1	0	1	1	1	0	0	1	1	0	1	0	0	1	1	1	1	1	1	1	0	0	1	0	0	1	
5960	5582	1	0	1	1	1	1	0	1	1	1	0	0	1	1	0	1	0	0	1	1	1	0	1	0	0	0	1	1	0	1	0	0	1	1	1	1	0	0	1	1	1	1	1	1	0	1	0	0	1	0	1	0	1	1	1	1	0	0	0	0	0	1	1	1	1	1	1	1	1	0	0	0	0	1	1	1	1	0	1	0	1	0	1	1	1	1	0	1	0	0	1	1	1	0	1	0	1	0	1	1	1	0	0	1	0	1	0	1	0	1	1	0	1	1	1	0	1	0	1	0	1	0	1	1	1	0	1	1	1	0	0	0	1	0	1	0	0	1	1	0	1	1	1	1	0	0	1	0	0	1	
5955	5586	1	0	1	1	1	1	0	1	1	1	0	0	0	1	0	1	0	0	1	1	1	0	1	0	0	0	1	1	0	1	0	0	1	1	1	1	0	0	1	1	1	1	1	1	0	1	0	0	1	0	1	0	1	1	0	1	0	0	0	0	0	1	1	1	1	1	1	1	1	0	0	0	0	1	1	0	1	0	1	1	1	0	1	1	1	1	0	1	0	0	1	1	1	0	1	0	1	0	1	1	1	0	0	1	0	1	0	1	1	1	1	0	1	1	1	0	1	0	1	0	1	0	1	1	1	0	1	1	1	0	0	0	1	0	1	0	0	1	1	1	1	1	1	1	0	0	1	0	0	1	
5954	5600	1	0	1	1	1	1	0	1	1	1	0	0	1	1	0	1	0	0	1	1	1	0	1	0	0	0	1	1	0	1	0	0	1	1	1	1	0	0	1	1	1	1	1	1	0	1	0	0	1	0	1	0	1	1	1	1	0	0	0	0	0	1	1	1	1	1	1	1	1	0	0	0	0	1	1	1	1	0	1	0	1	0	1	1	1	1	0	1	0	0	1	1	1	0	1	0	1	0	1	1	1	0	0	1	0	1	0	1	1	1	1	0	1	1	1	0	1	0	0	0	1	0	1	1	1	0	1	1	1	0	0	0	1	0	1	0	0	1	1	0	1	1	1	1	0	0	1	0	0	1	
5946	5602	1	0	1	1	1	1	0	1	1	1	0	0	1	1	0	1	0	0	1	1	1	0	1	0	0	0	1	1	0	1	0	0	1	1	1	1	0	0	1	1	1	1	1	1	0	1	0	0	1	1	1	0	1	1	0	1	0	0	0	0	0	1	1	1	1	1	1	1	1	0	0	0	0	1	1	1	1	0	1	0	1	0	1	1	1	1	0	1	0	0	1	1	1	0	1	0	1	0	1	1	1	0	0	1	0	1	0	1	1	1	1	0	1	1	1	0	1	0	1	0	1	0	1	1	1	0	0	1	1	0	0	0	1	0	1	0	0	1	1	0	1	1	1	1	0	0	1	0	0	1	
5944	5613	1	0	1	1	1	1	0	0	1	1	0	0	1	1	0	1	0	0	1	1	1	0	1	0	0	0	1	1	0	1	0	0	1	1	1	1	0	0	1	1	1	1	1	1	0	1	0	0	1	0	1	0	1	1	1	1	0	0	0	0	0	1	1	1	1	1	1	1	1	0	0	0	1	1	1	1	1	0	1	0	1	0	1	1	1	1	0	1	0	0	1	1	1	0	1	0	1	0	1	1	1	0	0	1	0	1	0	1	1	1	1	0	1	1	1	0	1	0	0	0	1	0	1	1	1	0	1	1	1	0	0	0	1	0	1	0	0	1	1	0	1	1	1	1	0	0	1	0	0	1	
5936	5615	1	0	1	1	1	1	0	0	1	1	0	0	1	1	0	1	0	0	1	1	1	0	1	0	0	0	1	1	0	1	0	0	1	1	1	1	0	0	1	1	1	1	1	1	0	1	0	0	1	1	1	0	1	1	0	1	0	0	0	0	0	1	1	1	1	1	1	1	1	0	0	0	1	1	1	1	1	0	1	0	1	0	1	1	1	1	0	1	0	0	1	1	1	0	1	0	1	0	1	1	1	0	0	1	0	1	0	1	1	1	1	0	1	1	1	0	1	0	1	0	1	0	1	1	1	0	0	1	1	0	0	0	1	0	1	0	0	1	1	0	1	1	1	1	0	0	1	0	0	1	
5934	5624	1	0	1	1	1	1	0	0	1	1	0	0	1	1	0	1	0	0	1	1	1	0	1	0	0	0	1	1	0	1	0	0	1	1	1	1	0	0	1	1	1	1	1	1	0	1	0	0	1	1	1	0	1	1	1	1	0	0	0	0	0	1	1	1	1	1	1	1	1	0	0	0	0	1	1	1	1	0	1	0	1	0	1	1	1	1	0	1	0	0	1	1	1	0	1	0	1	0	1	1	1	0	0	1	0	1	0	1	0	1	1	0	1	1	1	0	1	0	1	0	1	0	1	1	1	0	1	1	1	0	0	0	1	0	1	0	0	1	1	0	1	1	1	1	0	0	1	0	0	1	
5929	5625	0	0	1	1	1	1	0	0	1	1	0	0	0	1	0	1	0	0	1	1	1	0	1	0	0	0	1	1	0	1	0	0	1	1	1	1	0	0	1	1	1	1	1	1	0	1	0	0	1	0	1	0	1	1	1	1	0	0	0	0	0	1	1	1	1	1	1	1	1	0	0	0	1	1	1	1	1	0	1	0	1	1	1	1	1	1	0	1	0	0	1	1	1	0	1	0	1	0	1	1	1	0	0	1	0	1	0	1	1	1	1	0	1	1	1	0	1	0	1	0	1	0	1	1	1	0	1	1	1	0	0	0	1	0	1	0	0	1	1	0	1	1	1	1	0	0	1	0	0	1	
5927	5627	1	0	1	1	1	1	0	1	1	1	0	0	0	1	0	1	0	0	1	1	1	0	1	0	0	0	1	1	0	1	0	0	1	1	1	1	0	0	1	1	1	1	1	1	0	1	0	0	1	0	1	0	1	0	1	1	0	1	0	0	0	1	1	1	1	1	1	1	1	0	0	0	0	1	1	1	1	0	1	0	1	0	1	1	1	1	0	1	0	0	1	1	1	0	1	0	1	0	1	1	1	0	0	1	0	1	0	1	1	1	1	0	1	1	1	0	1	0	1	0	1	0	1	1	1	0	1	1	1	0	0	1	1	0	1	0	0	1	1	0	1	1	1	1	0	0	1	0	0	1	
5925	5630	1	0	1	1	1	1	0	0	1	1	0	0	0	1	0	1	0	0	1	1	1	0	1	0	0	0	1	1	0	1	0	0	1	1	1	1	0	0	1	1	1	1	1	1	0	1	0	0	1	1	1	0	1	0	1	1	0	0	0	0	0	1	1	1	1	1	1	1	1	0	0	0	1	1	1	1	1	0	1	0	1	0	1	1	1	1	0	1	0	0	1	1	1	0	1	0	1	0	1	1	1	0	0	1	0	1	0	1	0	1	1	0	1	1	1	0	1	0	1	0	1	0	1	1	1	0	1	1	1	0	0	0	1	0	1	1	0	1	1	1	1	1	1	1	0	0	1	0	0	1	
5924	5632	1	0	1	1	1	1	0	0	1	1	0	0	0	1	0	1	0	0	1	1	1	0	1	0	0	0	1	1	0	1	0	0	1	1	1	1	0	0	1	1	1	1	1	1	0	1	0	0	1	1	1	0	1	1	1	1	0	1	0	0	0	1	1	1	1	1	1	1	1	0	0	0	0	1	1	1	1	0	1	0	1	0	1	1	1	1	0	1	0	0	1	1	1	0	1	0	1	0	1	1	1	0	0	1	0	1	0	1	0	1	1	0	1	1	1	0	1	0	1	0	1	0	1	1	1	0	0	1	1	0	0	0	1	0	1	0	0	1	1	1	1	1	1	1	0	0	1	0	0	1	
5923	5635	1	0	1	1	1	1	0	0	1	1	0	0	0	1	0	1	0	0	1	1	1	0	1	0	0	0	1	1	0	1	0	0	1	1	1	1	0	0	1	1	1	1	1	1	0	1	1	0	1	1	1	0	1	0	1	1	0	1	0	0	0	1	1	1	1	1	1	1	0	0	0	0	0	1	1	1	1	0	1	0	1	0	1	1	1	1	0	1	0	0	1	1	1	0	1	0	1	0	1	1	1	0	0	1	0	1	0	1	1	1	1	0	1	1	1	0	1	0	1	0	1	0	1	1	1	0	1	1	1	0	0	0	1	0	1	0	0	1	1	1	1	1	1	1	0	0	1	0	0	1	
5922	5643	0	0	1	1	1	1	0	0	1	1	0	0	0	1	0	1	0	0	1	1	1	0	1	0	0	0	1	1	0	1	0	0	1	1	1	1	0	0	1	1	1	1	1	1	0	1	0	0	1	0	1	0	1	1	1	1	0	1	0	0	0	1	1	1	1	1	1	1	1	0	0	0	0	1	1	1	1	0	1	0	1	1	1	1	1	1	0	1	0	0	1	1	1	0	1	0	1	0	1	1	1	0	0	1	0	1	0	1	1	1	1	0	1	1	1	0	1	0	1	0	1	0	1	1	1	0	1	1	1	0	0	0	1	0	1	0	0	1	1	0	1	1	1	1	0	0	1	0	0	1	
5915	5647	1	0	1	1	1	1	0	0	1	1	0	0	0	1	0	1	0	0	1	1	1	0	1	0	0	0	1	1	0	1	0	0	1	1	1	1	0	0	1	1	1	1	1	1	0	1	0	0	1	1	1	0	1	1	0	1	0	0	0	0	0	1	1	1	1	1	1	1	1	0	0	0	0	1	1	0	1	0	1	0	1	1	1	1	1	1	0	1	0	0	1	1	1	0	1	0	1	0	1	1	1	0	0	1	0	1	0	1	1	1	1	0	1	1	1	0	1	0	1	0	1	0	1	1	1	0	1	1	1	0	0	0	1	0	1	1	0	1	1	0	1	1	1	1	0	0	1	0	0	1	
5913	5654	0	0	1	1	1	1	0	0	1	1	0	0	0	1	0	1	0	0	1	1	1	0	1	0	0	0	1	1	0	1	0	0	1	1	1	1	0	0	1	1	1	1	1	1	0	1	0	0	1	1	1	0	1	1	1	1	0	0	0	0	0	1	1	1	1	1	1	1	1	0	0	0	0	1	1	1	1	0	1	0	1	1	1	1	1	1	0	1	0	0	1	1	1	0	1	0	1	0	1	1	1	0	0	1	0	1	0	1	1	1	1	0	1	1	1	0	1	0	1	0	1	0	1	1	1	0	1	1	1	0	0	0	1	0	1	0	0	1	1	0	1	1	1	1	0	0	1	0	0	1	
5907	5663	1	0	1	1	1	1	0	0	1	1	0	0	0	1	0	1	0	0	1	1	1	0	1	0	0	0	1	1	0	1	0	0	1	1	1	1	0	0	1	1	1	1	1	1	0	1	0	0	1	1	1	0	1	0	1	1	0	1	1	0	0	1	1	1	1	1	1	1	0	0	0	0	0	1	1	1	1	0	1	0	1	1	1	1	1	1	0	1	0	0	1	1	1	0	1	0	1	0	1	1	1	0	0	1	0	1	0	1	0	1	1	0	1	1	1	0	1	0	1	0	1	0	1	1	1	0	1	1	1	0	0	0	1	0	1	0	0	1	1	0	1	1	1	1	0	0	1	0	0	1	
5906	5669	1	0	1	1	1	1	0	0	1	1	0	0	0	1	0	1	0	0	1	1	1	0	1	0	0	0	1	1	0	1	0	0	1	1	1	1	0	0	1	1	1	1	1	1	0	1	0	0	1	1	1	0	1	0	1	1	0	1	0	0	0	1	1	1	1	1	1	1	1	0	0	0	0	1	1	1	1	0	1	0	1	1	1	1	1	1	0	1	0	0	1	1	1	0	1	0	1	0	1	1	1	0	0	1	0	1	0	1	1	1	1	0	1	1	1	0	1	0	0	0	1	0	1	1	1	0	1	1	1	0	0	0	1	0	1	0	0	1	1	0	1	1	1	1	0	0	1	0	0	1	
5896	5671	0	0	1	1	1	1	0	0	1	1	0	0	1	1	0	1	0	0	1	1	1	0	1	0	0	0	1	1	0	1	0	0	1	1	1	1	0	0	1	1	1	1	1	1	0	1	0	0	1	1	1	0	1	1	0	1	0	0	0	0	0	1	1	1	1	1	1	1	1	0	0	0	0	1	1	1	1	0	1	0	1	0	1	1	1	1	0	1	0	0	1	1	1	0	1	0	1	1	1	1	1	0	0	1	0	1	0	1	1	1	1	0	1	1	1	0	1	0	1	0	1	0	1	1	1	0	1	1	1	0	0	0	1	0	1	0	0	1	1	0	1	1	1	1	0	0	1	0	0	1	
5894	5672	1	0	1	1	1	1	0	0	1	1	1	0	0	1	0	1	0	0	1	1	1	0	1	0	0	0	1	1	0	1	0	0	1	1	1	1	0	0	1	1	1	1	1	1	0	1	0	0	1	1	1	0	1	0	0	1	0	0	0	0	0	1	1	1	1	1	1	1	1	0	0	0	1	1	1	0	1	0	1	0	1	0	1	1	1	1	0	1	0	0	1	1	1	0	1	0	1	1	1	1	1	0	0	1	0	1	0	1	1	1	1	0	1	1	1	0	1	0	1	0	1	0	1	1	1	0	1	1	1	0	0	0	1	0	1	0	0	1	1	0	1	1	1	1	0	0	1	0	0	1	
5893	5673	1	0	1	1	1	1	0	0	1	1	0	0	0	1	0	1	0	0	1	1	1	0	1	0	0	0	1	1	0	1	0	0	1	1	1	1	0	0	1	1	1	1	1	1	0	1	0	0	1	1	1	0	1	1	0	1	0	0	0	0	0	1	1	1	1	1	1	1	1	0	0	0	1	1	1	1	1	0	1	0	1	0	1	1	1	1	0	1	1	0	1	1	1	0	1	0	1	0	1	1	1	0	0	1	0	1	0	1	0	1	1	0	1	1	1	0	1	0	1	0	1	0	1	1	1	0	1	1	1	0	0	0	1	0	1	0	0	1	1	0	1	1	1	1	0	0	1	0	0	1	
5889	5674	1	0	1	1	1	1	0	0	1	1	0	1	0	1	0	1	0	0	1	1	1	0	1	0	0	0	1	1	0	1	0	0	1	1	1	1	0	0	1	1	1	1	1	1	0	1	0	0	1	1	1	0	1	1	1	1	0	1	0	0	0	1	1	0	1	1	1	1	1	0	0	0	0	1	1	0	1	0	1	0	1	0	1	1	1	1	0	1	0	0	1	1	1	0	1	0	1	0	1	1	1	0	0	1	0	1	0	1	1	1	1	0	1	1	1	0	1	0	0	0	1	0	1	1	1	0	1	1	1	0	0	0	1	0	1	0	0	1	1	1	1	1	1	1	0	0	1	0	0	1	
5886	5691	1	0	1	1	1	1	0	0	1	1	0	0	0	1	0	1	0	0	1	1	1	0	1	0	0	0	1	1	0	1	0	0	1	1	1	1	0	0	1	1	1	1	1	1	0	1	0	0	1	1	1	0	1	1	0	1	0	1	0	0	0	1	1	1	1	1	1	1	1	0	0	0	0	1	1	1	1	0	1	0	1	0	1	1	1	1	0	1	1	0	1	1	1	0	1	0	1	0	1	1	1	0	0	1	0	1	0	1	0	1	1	0	1	1	1	0	1	0	1	0	1	0	1	1	1	0	1	1	1	0	0	0	1	0	1	0	0	1	1	0	1	1	1	1	0	0	1	0	0	1	
5878	5694	0	0	1	1	1	1	0	0	1	1	0	0	0	1	0	1	0	0	1	1	1	0	1	0	0	0	1	1	0	1	0	0	1	1	1	1	0	0	1	1	1	1	1	1	0	1	1	0	1	1	1	0	1	1	1	1	0	0	0	0	0	1	1	0	1	1	1	1	1	0	0	0	1	1	1	1	1	0	1	0	1	1	1	1	1	1	0	1	0	0	1	1	1	0	1	0	1	0	1	1	1	0	0	1	0	1	0	1	0	1	1	0	1	1	1	0	1	0	1	0	1	0	1	1	1	0	1	1	1	0	0	0	1	0	1	0	0	1	1	0	1	1	1	1	0	0	1	0	0	1	
5877	5695	1	0	1	1	1	1	0	0	1	1	0	0	0	1	0	1	0	0	1	1	1	0	1	0	0	0	1	1	0	1	0	0	1	1	1	1	0	0	1	1	1	1	1	1	0	1	0	0	1	1	1	0	1	1	1	1	0	0	1	0	0	1	1	1	1	1	1	1	1	0	0	0	1	1	1	0	1	0	1	0	1	0	1	1	1	1	0	1	0	0	1	1	1	0	1	0	1	0	1	1	1	0	0	1	0	1	0	1	1	1	1	0	1	1	1	0	1	0	1	0	1	0	1	1	1	0	0	1	1	0	0	0	1	0	1	0	0	1	1	0	1	1	1	1	0	0	1	0	0	1	
5876	5699	0	0	1	1	1	1	0	0	1	1	0	0	0	1	0	1	0	0	1	1	1	0	1	0	0	0	1	1	0	1	0	0	1	1	1	1	0	0	1	1	0	1	1	1	0	1	0	0	1	1	1	0	1	1	1	1	0	0	0	0	0	1	1	1	1	1	1	1	1	0	0	0	1	1	1	1	1	0	1	0	1	1	1	1	1	1	0	1	0	0	1	1	1	0	1	0	1	0	1	1	1	0	0	1	0	1	0	1	1	1	1	0	1	1	1	0	1	0	1	0	1	0	1	1	1	0	1	1	1	0	0	0	1	0	1	0	0	1	1	0	1	1	1	1	0	0	1	0	0	1	
5872	5701	1	0	1	1	1	1	0	0	1	1	0	0	0	1	0	1	0	0	1	1	1	0	1	0	0	0	0	1	0	1	0	0	1	1	1	1	0	0	1	1	1	1	1	1	0	1	0	0	1	1	1	0	1	1	0	1	0	0	1	0	0	1	1	1	1	1	1	1	1	0	0	0	1	1	1	1	1	0	1	0	1	1	1	1	1	1	0	1	0	0	1	1	1	0	1	0	1	0	1	1	1	0	0	1	0	1	0	1	0	1	1	0	1	1	1	0	1	0	0	0	1	0	1	1	1	0	1	1	1	0	0	0	1	0	1	0	0	1	1	0	1	1	1	1	0	0	1	0	0	1	
5869	5714	1	0	1	1	1	1	0	0	1	1	0	0	0	1	0	1	0	0	1	1	1	0	1	0	0	0	1	1	0	1	0	0	1	1	1	1	0	0	1	1	0	1	1	1	0	1	0	0	1	1	1	0	1	0	1	1	0	1	0	0	0	1	1	1	1	1	1	1	1	0	0	0	1	1	1	1	1	0	1	0	1	1	1	1	1	1	0	1	0	0	1	1	1	0	1	0	1	0	1	1	1	0	0	1	0	1	0	1	1	1	1	0	1	1	1	0	1	0	0	0	1	0	1	1	1	0	1	1	1	0	0	0	1	0	1	0	0	1	1	0	1	1	1	1	0	0	1	0	0	1	
5858	5723	0	0	1	1	1	1	0	0	1	1	0	0	0	1	0	1	0	0	1	1	1	0	1	0	0	0	1	1	0	1	0	0	1	1	1	1	0	0	1	1	1	1	1	1	0	1	1	0	1	1	1	0	1	0	1	1	0	1	0	0	0	1	1	1	1	1	1	1	1	0	0	0	0	1	1	1	1	0	1	0	1	0	1	1	1	1	0	1	1	0	1	1	1	0	1	0	1	0	1	1	1	0	0	1	0	1	0	1	1	1	1	0	1	1	1	0	1	0	1	0	1	0	1	1	1	0	1	1	1	0	0	0	1	0	1	0	0	1	1	0	1	1	1	1	0	0	1	0	0	1	
5850	5727	0	0	1	1	1	1	0	0	1	1	0	0	0	1	0	1	0	0	1	1	1	0	1	0	0	0	1	1	0	1	0	0	1	1	1	1	0	0	1	1	1	1	1	1	0	1	0	0	1	1	1	0	1	1	1	1	0	0	0	0	0	1	1	0	1	1	1	1	1	0	0	0	0	1	1	0	1	0	1	0	1	1	1	1	1	1	0	1	0	0	1	1	1	0	1	0	1	1	1	1	1	0	0	1	0	1	0	1	1	1	1	0	1	1	1	0	1	0	1	0	1	0	1	1	1	0	1	1	1	0	0	1	1	0	1	0	0	1	1	0	1	1	1	1	0	0	1	0	0	1	
5846	5732	1	0	1	1	1	1	0	0	1	1	0	0	0	1	0	1	0	0	1	1	1	0	1	0	0	0	0	1	0	1	0	0	1	1	1	1	0	0	1	1	1	1	1	1	0	1	0	0	1	1	1	0	1	1	0	1	0	1	1	0	0	1	1	1	1	1	1	1	1	0	0	0	0	1	1	0	1	0	1	0	1	0	1	1	1	1	0	1	0	0	1	1	1	0	1	0	1	0	1	1	1	0	0	1	0	1	0	1	1	1	1	0	1	1	1	0	1	0	1	0	1	0	1	1	1	0	1	1	1	0	0	0	1	0	1	0	0	1	1	1	1	1	1	1	0	0	1	0	0	1	
5843	5742	1	0	1	1	1	1	0	0	1	1	0	0	0	1	0	1	0	0	1	1	1	0	1	0	0	0	1	1	0	1	0	0	1	1	1	1	0	0	1	1	1	1	1	1	0	1	0	0	1	1	1	0	1	1	1	1	0	1	1	0	0	1	1	0	1	1	1	1	1	0	0	0	0	1	1	1	1	0	1	0	1	0	1	1	1	1	0	1	0	0	1	1	1	0	1	0	1	0	1	1	1	0	0	1	0	1	0	1	0	1	1	0	1	1	1	0	1	0	0	0	1	0	1	1	1	0	1	1	1	0	0	1	1	0	1	0	0	1	1	0	1	1	1	1	0	0	1	0	0	1	
5836	5750	1	0	1	1	1	1	0	0	1	1	0	0	0	1	0	1	0	0	1	1	1	0	1	0	0	0	1	1	0	1	0	0	1	1	1	1	0	0	1	1	1	1	1	1	0	1	0	0	1	1	1	0	1	0	1	1	0	1	1	0	0	1	1	0	1	1	1	1	1	0	0	0	1	1	1	0	1	0	1	0	1	1	1	1	1	1	0	1	0	0	1	1	1	0	1	0	1	0	1	1	1	0	0	1	0	1	0	1	0	1	1	0	1	1	1	0	1	0	1	0	1	0	1	1	1	0	1	1	1	0	0	0	1	0	1	0	0	1	1	0	1	1	1	1	0	0	1	0	0	1	
5826	5753	1	0	1	1	1	1	0	0	1	1	0	0	0	1	0	1	0	0	1	1	1	0	1	0	0	0	1	1	0	1	0	0	1	1	1	1	0	0	1	1	1	1	1	1	0	1	1	0	1	1	1	0	1	0	0	1	0	1	0	0	0	1	1	1	1	1	1	1	1	0	0	0	0	1	1	0	1	0	1	0	1	0	1	1	1	1	0	1	1	0	1	1	1	0	1	0	1	1	1	1	1	0	0	1	0	1	0	1	1	1	1	0	1	1	1	0	1	0	0	0	1	0	1	1	1	0	1	1	1	0	0	0	1	0	1	0	0	1	1	0	1	1	1	1	0	0	1	0	0	1	
5823	5759	1	0	1	1	1	1	0	0	1	1	0	0	0	1	0	1	0	0	1	1	1	0	1	0	0	0	1	1	0	1	0	0	1	1	1	1	0	0	1	1	1	1	1	1	0	1	0	0	1	1	1	0	1	0	1	1	0	1	1	0	0	1	1	0	1	1	1	1	1	0	0	0	1	1	1	0	1	0	1	0	1	0	1	1	1	1	0	1	0	0	1	1	1	0	1	0	1	0	1	1	1	0	0	1	0	1	0	1	1	1	1	0	1	1	1	0	1	0	1	0	1	0	1	1	1	0	1	1	1	0	0	0	1	0	1	1	0	1	1	0	1	1	1	1	0	0	1	0	0	1	
5816	5760	1	0	1	1	1	1	0	1	1	1	0	0	0	1	0	1	0	0	1	1	1	0	1	0	0	0	0	1	0	1	0	0	1	1	1	1	0	0	1	1	1	1	1	1	0	1	0	0	1	1	1	0	1	0	0	1	0	1	1	0	0	1	1	1	1	1	1	1	1	0	0	0	0	1	1	0	1	0	1	0	1	0	1	1	1	1	0	1	0	0	1	1	1	0	1	0	1	1	1	1	1	0	0	1	0	1	0	1	1	1	1	0	1	1	1	0	1	0	1	0	1	0	1	1	1	0	1	1	1	0	0	0	1	0	1	0	0	1	1	0	1	1	1	1	0	0	1	0	0	1	
5815	5761	0	0	1	1	1	1	0	0	1	1	0	0	0	1	0	1	0	0	1	1	1	0	1	0	0	0	1	1	0	1	0	0	1	1	1	1	0	0	1	1	0	1	1	1	0	1	1	0	1	1	1	0	1	1	1	1	0	1	1	0	0	1	1	1	1	1	1	1	1	0	0	0	0	1	1	1	1	0	1	0	1	0	1	1	1	1	0	1	0	0	1	1	1	0	1	0	1	0	1	1	1	0	0	1	0	1	0	1	0	1	1	0	1	1	1	0	1	0	1	0	1	0	1	1	1	0	1	1	1	0	0	0	1	0	1	0	0	1	1	0	1	1	1	1	0	0	1	0	0	1	
5814	5762	0	0	1	1	1	1	0	0	1	1	0	0	0	1	0	1	0	0	1	1	1	0	1	0	0	0	1	1	0	1	0	0	1	1	1	1	0	0	1	1	1	1	1	1	0	1	1	0	1	1	1	0	1	0	0	1	0	1	1	0	0	1	1	0	1	1	1	1	1	0	0	0	1	1	1	1	1	0	1	0	1	1	1	1	1	1	0	1	0	0	1	1	1	0	1	0	1	0	1	1	1	0	0	1	0	1	0	1	1	1	1	0	1	1	1	0	1	0	0	0	1	0	1	1	1	0	1	1	1	0	0	0	1	0	1	0	0	1	1	0	1	1	1	1	0	0	1	0	0	1	
5812	5771	0	0	1	1	1	1	0	0	1	1	0	0	0	1	0	1	0	0	1	1	1	0	1	0	0	0	1	1	0	1	0	0	1	1	1	1	0	0	1	1	1	1	1	1	0	1	0	0	1	1	1	0	1	1	0	1	0	0	1	0	0	1	1	0	1	1	1	1	1	0	0	0	1	1	1	1	1	0	1	0	1	0	1	1	1	1	0	1	0	0	1	1	1	0	1	0	1	1	1	1	1	0	0	1	0	1	0	1	1	1	1	0	1	1	1	0	1	0	0	0	1	0	1	1	1	0	1	1	1	0	0	1	1	0	1	0	0	1	1	0	1	1	1	1	0	0	1	0	0	1	
5809	5773	0	0	1	1	1	1	0	0	1	1	0	0	0	1	0	1	0	0	1	1	1	0	1	0	0	0	1	1	0	1	0	0	1	1	1	1	0	0	1	1	1	1	1	1	0	1	0	0	1	1	1	0	1	0	0	1	0	1	1	0	0	1	1	1	1	1	1	1	1	0	0	0	0	1	1	0	1	0	1	0	1	1	1	1	1	1	0	1	0	0	1	1	1	0	1	0	1	0	1	1	1	0	0	1	0	1	0	1	1	1	1	0	1	1	1	0	1	0	1	0	1	0	1	1	1	0	1	1	1	0	0	0	1	0	1	0	1	1	1	0	1	1	1	1	0	0	1	0	0	1	
5800	5780	1	0	1	1	1	1	0	0	1	1	0	0	0	1	0	1	0	0	1	1	1	0	1	0	0	0	1	1	0	1	0	0	1	1	1	1	0	0	1	1	1	1	1	1	0	1	0	0	1	1	1	0	1	0	1	1	0	1	1	0	0	1	1	0	1	1	1	1	1	0	0	0	1	1	1	1	1	0	1	0	1	0	1	1	1	1	0	1	1	0	1	1	1	0	1	0	1	0	1	1	1	0	0	1	0	1	0	1	1	1	1	0	1	1	1	0	1	0	0	0	1	0	1	1	1	0	1	1	1	0	0	1	1	0	0	0	0	1	1	0	1	1	1	1	0	0	1	0	0	1	
5799	5783	1	0	1	1	1	1	0	1	1	1	0	0	0	1	0	1	0	0	1	1	1	0	1	0	0	0	1	1	0	1	0	0	1	1	1	1	0	0	1	1	1	1	1	1	0	1	0	0	1	1	1	0	1	0	1	1	0	1	1	0	0	1	1	0	1	1	1	1	1	0	0	0	0	1	1	0	1	0	1	0	1	0	1	1	1	1	0	1	0	0	1	1	1	0	1	0	1	1	1	1	1	0	0	1	0	1	0	1	1	1	1	0	1	1	1	0	1	0	0	0	1	0	1	1	1	0	1	1	1	0	0	0	1	0	1	0	0	1	1	0	1	1	1	1	0	0	1	0	0	1	
5798	5788	1	0	1	1	1	1	0	0	1	1	0	0	0	1	0	1	0	0	1	1	1	0	1	0	0	0	1	1	0	1	0	0	1	1	1	1	0	0	1	1	1	1	1	1	0	1	0	0	1	1	1	0	1	1	0	1	0	1	1	0	0	1	1	0	1	1	1	1	1	0	0	0	0	1	1	0	1	0	1	0	1	0	1	1	1	1	0	1	1	0	1	1	1	0	1	0	1	0	1	1	1	0	0	1	0	1	0	1	1	1	1	0	1	1	1	0	1	0	0	0	1	0	1	1	1	0	1	1	1	0	0	1	1	0	1	0	0	1	1	0	1	1	1	1	0	0	1	0	0	1	
5793	5790	0	0	1	1	1	1	0	0	1	1	0	0	0	1	0	1	0	0	1	1	1	0	1	0	0	0	0	1	0	1	0	0	1	1	1	1	0	0	1	1	1	1	1	1	0	1	0	0	1	1	1	0	1	1	1	1	0	1	1	0	0	1	1	0	1	1	1	1	1	0	0	0	0	1	1	1	1	0	1	0	1	0	1	1	1	1	0	1	0	0	1	1	1	0	1	0	1	1	1	1	1	0	0	1	0	1	0	1	0	1	1	0	1	1	1	0	1	0	1	0	1	0	1	1	1	0	1	1	1	0	0	1	1	0	1	0	0	1	1	0	1	1	1	1	0	0	1	0	0	1	
5791	5792	0	0	1	1	1	1	0	0	1	1	0	0	0	1	0	1	0	0	1	1	1	0	1	0	0	0	0	1	0	1	0	0	1	1	1	1	0	0	1	1	1	1	1	1	0	1	0	0	1	1	1	0	1	0	1	1	0	1	1	0	0	1	1	1	1	1	1	1	1	0	0	0	0	1	1	0	1	0	1	0	1	1	1	1	1	1	0	1	0	0	1	1	1	0	1	0	1	0	1	1	1	0	0	1	0	1	0	1	1	1	1	0	1	1	1	0	1	0	1	0	1	0	1	1	1	0	1	1	1	0	0	0	1	0	1	0	1	1	1	0	1	1	1	1	0	0	1	0	0	1	
5789	5799	0	0	1	1	1	1	0	0	1	1	0	0	0	1	0	1	0	0	1	1	1	0	1	0	0	0	1	1	0	1	0	0	1	1	1	1	0	0	1	1	1	1	1	1	0	1	0	0	1	1	1	0	1	1	1	1	0	1	1	0	0	1	1	0	1	1	1	1	1	0	0	0	0	1	1	0	1	0	1	0	1	0	1	1	1	1	0	1	0	0	1	1	1	0	1	0	1	1	1	1	1	0	0	1	0	1	0	1	1	1	1	0	1	1	1	0	1	0	1	0	1	0	1	1	1	0	1	1	1	0	0	0	1	0	1	0	0	1	1	0	1	1	1	1	0	0	1	0	0	1	
5781	5800	1	0	1	1	1	1	0	0	1	1	0	0	0	1	0	1	0	0	1	1	1	0	1	0	0	0	1	1	0	1	0	0	1	1	1	1	0	0	1	1	0	1	1	1	0	1	0	0	1	1	1	0	1	1	1	1	0	1	0	0	0	1	1	0	1	1	1	1	1	0	0	0	1	1	1	0	1	0	1	0	1	0	1	1	1	1	0	1	0	0	1	1	1	0	1	0	1	0	1	1	1	0	0	1	0	1	0	1	1	1	1	0	1	1	1	0	1	0	0	0	1	0	1	1	1	0	1	1	1	0	0	0	1	0	1	0	1	1	1	1	1	1	1	1	0	0	1	0	0	1	
5780	5803	0	0	1	1	1	1	0	0	1	1	0	0	0	1	0	1	0	0	1	1	1	0	1	0	0	0	0	1	0	1	0	0	1	1	1	1	0	0	1	1	1	1	1	1	0	1	0	0	1	1	1	0	1	0	1	1	0	1	1	0	0	1	1	0	1	1	1	1	1	0	0	0	1	1	1	1	1	0	1	0	1	0	1	1	1	1	0	1	1	0	1	1	1	0	1	0	1	0	1	1	1	0	0	1	0	1	0	1	1	1	1	0	1	1	1	0	1	0	1	0	1	0	1	1	1	0	1	1	1	0	0	1	1	0	1	0	0	1	1	0	1	1	1	1	0	0	1	0	0	1	
5774	5808	0	0	1	1	1	1	0	0	1	1	0	0	0	1	0	1	0	0	1	1	1	0	1	0	0	0	0	1	0	1	0	0	1	1	1	1	0	0	1	1	0	1	1	1	0	1	0	0	1	1	1	0	1	1	0	1	0	1	1	0	0	1	1	1	1	1	1	1	1	0	0	0	1	1	1	1	1	0	1	0	1	0	1	1	1	1	0	1	1	0	1	1	1	0	1	0	1	0	1	1	1	0	0	1	0	1	0	1	1	1	1	0	1	1	1	0	1	0	1	0	1	0	1	1	1	0	1	1	1	0	0	0	1	0	1	0	0	1	1	0	1	1	1	1	0	0	1	0	0	1	
5773	5812	1	0	1	1	1	1	0	0	1	1	0	0	0	1	0	1	0	0	1	1	1	0	1	0	0	0	1	1	0	1	0	0	1	1	1	1	0	0	1	1	1	1	1	1	0	1	0	0	1	1	1	0	1	1	1	1	0	1	1	0	0	1	1	0	1	1	1	1	1	0	0	0	1	1	1	0	1	0	1	0	1	0	1	1	1	1	0	1	1	0	1	1	1	0	1	0	1	0	1	1	1	0	0	1	0	1	0	1	1	1	1	0	1	1	1	0	1	0	0	0	1	0	1	1	1	0	1	1	1	0	0	0	1	0	1	0	0	1	1	0	1	0	1	1	0	0	1	0	0	1	
5769	5813	0	0	1	1	1	1	0	1	1	1	0	0	0	1	0	1	0	0	1	1	1	0	1	0	0	0	1	1	0	1	0	0	1	1	1	1	0	0	1	1	0	1	1	1	0	1	0	0	1	1	1	0	1	1	1	1	0	0	1	0	0	1	1	0	1	1	1	1	1	0	0	0	1	1	1	0	1	0	1	0	1	0	1	1	1	1	0	1	0	0	1	1	1	0	1	0	1	1	1	1	1	0	0	1	0	1	0	1	1	1	1	0	1	1	1	0	1	0	1	0	1	0	1	1	1	0	1	1	1	0	0	0	1	0	1	0	0	1	1	0	1	1	1	1	0	0	1	0	0	1	
5767	5815	1	0	1	1	1	1	0	0	1	1	0	0	0	1	0	1	0	0	1	1	1	0	1	0	0	0	1	1	0	1	0	0	1	1	1	1	0	0	1	1	0	1	1	1	0	1	0	0	1	1	1	0	1	1	0	1	0	1	1	0	0	1	1	0	1	1	1	1	1	0	0	0	1	1	1	0	1	0	1	0	1	0	1	1	1	1	0	1	1	0	1	1	1	0	1	0	1	0	1	1	1	0	0	1	0	1	0	1	0	1	1	0	1	1	1	0	1	0	1	0	1	0	1	1	1	0	1	1	1	0	0	1	1	0	1	0	0	1	1	0	1	1	1	1	0	0	1	0	0	1	
5763	5820	0	0	1	1	1	1	0	0	1	1	0	0	0	1	0	1	0	0	1	1	1	0	1	0	0	0	1	1	0	1	0	0	1	1	1	1	0	0	1	1	0	1	1	1	0	1	0	0	1	1	1	0	1	1	1	1	0	1	1	0	0	1	1	1	1	1	1	1	1	0	0	0	0	1	1	0	1	0	1	0	1	0	1	1	1	1	0	1	0	0	1	1	1	0	1	0	1	0	1	1	1	0	0	1	0	1	0	1	1	1	1	0	1	1	1	0	1	0	1	0	1	0	1	1	1	0	1	1	1	0	0	0	1	0	1	0	1	1	1	0	1	1	1	1	0	0	1	0	0	1	
5759	5824	1	0	1	1	1	1	0	0	1	1	0	0	0	1	0	1	0	0	1	1	1	0	1	0	0	0	1	1	0	1	0	0	1	1	1	1	0	0	1	1	0	1	1	1	0	1	0	0	1	1	1	0	1	1	0	1	0	1	1	0	0	1	1	0	1	1	1	1	1	0	0	0	1	1	1	0	1	0	1	0	1	0	1	1	1	1	0	1	1	0	1	1	1	0	1	0	1	0	1	1	1	0	0	1	0	1	0	1	1	1	1	0	1	1	1	0	1	0	0	0	1	0	1	1	1	0	1	1	1	0	0	0	1	0	1	1	0	1	1	0	1	1	1	1	0	0	1	0	0	1	
5758	5826	0	0	1	1	1	1	0	0	1	1	0	0	0	1	0	1	0	0	1	1	1	0	1	0	0	0	1	1	0	1	0	0	1	1	1	1	0	0	1	1	0	1	1	1	0	1	0	0	1	1	1	0	1	1	0	1	0	1	1	0	0	1	1	0	1	1	1	1	1	0	0	0	1	1	1	1	1	0	1	0	1	0	1	1	1	1	0	1	0	0	1	1	1	0	1	0	1	0	1	1	1	0	0	1	0	1	0	1	1	1	1	0	1	1	1	0	1	0	1	0	1	0	1	1	1	0	1	1	1	1	0	0	1	0	1	0	0	1	1	0	1	1	1	1	0	0	1	0	0	1	
5755	5827	1	0	1	1	1	1	0	0	1	0	0	0	0	1	0	1	0	0	1	1	1	0	1	0	0	0	1	1	0	1	0	0	1	1	1	1	0	0	1	1	1	1	1	1	0	1	0	0	1	1	1	0	1	1	1	1	0	1	1	0	0	1	1	0	1	1	1	1	1	0	0	0	1	1	1	0	1	0	1	0	1	0	1	1	1	1	0	1	1	0	1	1	1	0	1	0	1	0	1	1	1	0	0	1	0	1	0	1	1	1	1	0	1	1	1	0	1	0	0	0	1	0	1	1	1	0	1	1	1	0	0	0	1	0	1	0	0	1	1	0	1	1	1	1	0	0	1	0	0	1	
5749	5834	1	0	1	1	1	1	0	0	1	1	0	0	0	1	0	1	0	0	1	1	1	0	1	0	0	0	0	1	0	1	0	0	1	1	1	1	0	0	1	1	0	1	1	1	0	1	0	0	1	1	1	0	1	1	1	1	0	1	1	0	0	1	1	0	1	1	1	1	1	0	0	0	1	1	1	0	1	0	1	0	1	0	1	1	1	1	0	1	1	0	1	1	1	0	1	0	1	0	1	1	1	0	0	1	0	1	0	1	0	1	1	0	1	1	1	0	1	0	1	0	1	0	1	1	1	0	1	1	1	0	0	1	1	0	1	0	0	1	1	0	1	1	1	1	0	0	1	0	0	1	
5748	5836	0	0	1	1	1	1	0	0	1	1	0	0	0	1	0	1	0	0	1	1	1	0	1	0	0	0	0	1	0	1	0	0	1	1	1	1	0	0	1	1	1	1	1	1	0	1	0	0	1	1	1	0	1	1	0	1	0	1	1	0	0	1	1	0	1	1	1	1	1	0	0	0	0	1	1	0	1	0	1	0	1	0	1	1	1	1	0	1	1	0	1	1	1	0	1	0	1	1	1	1	1	0	0	1	0	1	0	1	1	1	1	0	1	1	1	0	1	0	1	0	1	0	1	1	1	0	1	1	1	0	0	1	1	0	1	0	0	1	1	0	1	1	1	1	0	0	1	0	0	1	
5742	5840	1	0	1	1	1	1	0	0	1	1	0	0	0	1	0	1	0	0	1	1	1	0	1	0	0	0	0	1	0	1	0	0	1	1	1	1	0	0	1	1	0	1	1	1	0	1	0	0	1	1	1	0	1	0	0	1	0	1	1	0	0	1	1	1	1	1	1	1	1	0	0	0	1	1	1	0	1	0	1	0	1	0	1	1	1	1	0	1	1	0	1	1	1	0	1	0	1	0	1	1	1	0	0	1	0	1	0	1	1	1	1	0	1	1	1	0	1	0	1	0	1	0	1	1	1	0	1	1	1	1	0	0	1	0	1	0	0	1	1	0	1	1	1	1	0	0	1	0	0	1	
5740	5845	0	0	1	1	1	1	0	0	1	1	0	0	0	1	0	1	0	0	1	1	1	0	1	0	0	0	0	1	0	1	0	0	1	1	1	1	0	0	1	1	0	1	1	1	0	1	0	0	1	1	1	0	1	1	1	1	0	1	1	0	0	1	1	0	1	1	1	1	1	0	0	0	1	1	1	1	1	0	1	0	1	0	1	1	1	1	0	1	0	0	1	1	1	0	1	0	1	0	1	1	1	0	0	1	0	1	0	1	1	1	1	0	1	1	1	0	1	0	1	0	1	0	1	1	1	0	1	1	1	1	0	0	1	0	1	0	0	1	1	0	1	1	1	1	0	0	1	0	0	1	
5739	5847	0	0	1	1	1	1	0	0	1	1	0	0	0	1	0	1	0	0	1	1	1	0	1	0	0	0	1	1	0	1	0	0	1	1	1	1	0	0	1	1	0	1	1	1	0	1	1	0	1	1	1	0	1	0	1	1	0	1	1	0	0	1	1	0	1	1	1	1	1	0	0	0	1	1	1	0	1	0	1	0	1	0	1	1	1	1	0	1	1	0	1	1	1	0	1	0	1	0	1	1	1	0	0	1	0	1	0	1	1	1	1	0	1	1	1	0	1	0	1	0	1	0	1	1	1	0	1	1	1	0	0	1	1	0	1	0	0	1	1	0	1	1	1	1	0	0	1	0	0	1	
5727	5850	1	0	1	1	1	1	0	0	1	1	0	0	0	1	0	1	0	0	1	1	1	0	1	0	0	0	1	1	0	1	0	0	1	1	1	1	0	0	1	1	0	1	1	1	0	1	0	0	1	1	1	0	1	1	1	1	0	1	0	0	0	1	1	0	1	1	1	1	1	0	0	0	0	1	1	0	1	0	1	0	1	0	1	1	1	1	0	1	0	0	1	1	1	0	1	0	1	1	1	1	1	0	0	1	0	1	0	1	0	1	1	0	1	1	1	0	1	0	0	0	1	0	1	1	1	0	1	1	1	1	0	0	1	0	1	0	1	1	1	0	1	1	1	1	0	0	1	0	0	1	
5723	5856	0	0	1	1	1	1	0	0	1	0	0	0	0	1	0	1	0	0	1	1	1	0	1	0	0	0	1	1	0	1	0	0	1	1	1	1	0	0	1	1	1	1	1	1	0	1	0	0	1	1	1	0	1	1	0	1	0	1	1	0	0	1	1	0	1	1	1	1	1	0	0	0	1	1	1	0	1	0	1	0	1	0	1	1	1	1	0	1	1	0	1	1	1	0	1	0	1	1	1	1	1	0	0	1	0	1	0	1	1	1	1	0	1	1	1	0	1	0	1	0	1	0	1	1	1	0	1	1	1	0	0	0	1	0	1	0	0	1	1	0	1	1	1	1	0	0	1	0	0	1	
5720	5859	0	0	1	1	1	1	0	0	1	1	0	0	0	1	0	1	0	0	1	1	1	0	1	0	0	0	0	1	0	1	0	0	1	1	1	1	0	0	1	1	0	1	1	1	0	1	0	0	1	1	1	0	1	1	1	1	0	1	1	0	0	1	1	0	1	1	1	1	1	0	0	0	1	1	1	1	1	0	1	0	1	0	1	1	1	1	0	1	0	0	1	1	1	0	1	0	1	0	1	1	1	0	0	1	0	1	0	1	1	1	1	0	1	1	1	0	1	0	0	0	1	0	1	1	1	0	1	1	1	0	0	1	1	0	1	0	1	1	1	0	1	1	1	1	0	0	1	0	0	1	
5718	5862	1	0	1	1	1	1	0	1	1	1	0	0	0	1	0	1	0	0	1	1	1	0	1	0	0	0	0	1	0	1	0	0	1	1	1	1	0	0	1	1	0	1	1	1	0	1	0	0	1	1	1	0	1	1	0	1	0	1	1	0	0	1	1	0	1	1	1	1	1	0	0	0	0	1	1	0	1	0	1	0	1	0	1	1	1	1	0	1	0	0	1	1	1	0	1	0	1	1	1	1	1	0	0	1	0	1	0	1	1	1	1	0	1	1	1	0	1	0	0	0	1	0	1	1	1	0	1	1	1	1	0	0	1	0	1	0	0	1	1	0	1	1	1	1	0	0	1	0	0	1	
5714	5866	0	0	1	1	1	1	0	0	1	1	0	0	0	1	0	1	0	0	1	1	1	0	1	0	0	0	1	1	0	1	0	0	1	1	1	1	0	0	1	1	0	1	1	1	0	1	0	0	1	1	1	0	1	1	1	1	0	1	0	0	0	1	1	0	1	1	1	1	1	0	0	0	0	1	1	0	1	0	1	0	1	0	1	1	1	1	0	1	1	0	1	1	1	0	1	0	1	0	1	1	1	0	0	1	0	1	0	1	1	1	1	0	1	1	1	0	1	0	1	0	1	0	1	1	1	0	1	1	1	1	0	0	1	0	1	0	1	1	1	0	1	1	1	1	0	0	1	0	0	1	
5710	5868	1	0	1	1	1	1	0	0	1	1	0	0	0	1	0	1	0	0	1	1	1	0	1	0	0	0	0	1	0	1	0	0	1	1	1	1	0	0	1	1	1	1	1	1	0	1	0	0	1	1	1	0	1	1	0	1	0	1	1	0	0	1	1	0	1	1	1	1	1	0	0	0	0	1	1	0	1	0	1	0	1	0	1	1	1	1	0	1	1	0	1	1	1	0	1	0	1	0	1	1	1	0	0	1	0	1	0	1	0	1	1	0	1	1	1	0	1	0	0	0	1	0	1	1	1	0	1	1	1	1	0	0	1	0	1	0	1	1	1	0	1	1	1	1	0	0	1	0	0	1	
5708	5875	1	0	1	1	1	1	0	0	1	1	0	0	0	1	0	1	0	0	1	1	1	0	1	0	0	0	0	1	0	1	0	0	1	1	1	1	0	0	1	1	0	1	1	1	0	1	0	0	1	1	1	0	1	1	0	1	0	1	1	0	0	1	1	0	1	1	1	1	1	0	0	0	1	1	1	0	1	0	1	0	1	0	1	1	1	1	0	1	0	0	1	1	1	0	1	0	1	1	1	1	1	0	0	1	0	1	0	1	1	1	1	0	1	1	1	0	1	0	0	0	1	0	1	1	1	0	1	1	1	1	0	0	1	0	1	0	0	1	1	0	1	1	1	1	0	0	1	0	0	1	
5705	5880	0	0	1	1	1	1	0	0	1	1	0	0	0	1	0	1	0	0	1	1	1	0	1	0	0	0	1	1	0	1	0	0	1	1	1	1	0	0	1	1	0	1	1	1	0	1	0	0	1	1	1	0	1	1	1	1	0	1	1	0	0	1	1	0	1	1	1	1	1	0	0	0	0	1	1	0	1	0	1	0	1	0	1	1	1	1	0	1	1	0	1	1	1	0	1	0	1	0	1	1	1	0	0	1	0	1	0	1	1	1	1	0	1	1	1	0	1	0	0	0	1	0	1	1	1	0	1	1	1	0	0	1	1	0	1	0	1	1	1	0	1	1	1	1	0	0	1	0	0	1	
5697	5881	0	0	1	1	1	1	0	0	1	1	0	0	0	1	0	1	0	0	1	1	1	0	1	0	0	0	0	1	0	1	0	0	1	1	1	1	0	0	1	1	0	1	1	1	0	1	0	0	1	1	1	0	1	1	1	1	0	1	1	0	0	1	1	1	1	1	1	1	1	0	0	0	1	1	1	0	1	0	1	0	1	0	1	1	1	1	0	1	1	0	1	1	1	0	1	0	1	0	1	1	1	0	0	1	0	1	0	1	1	1	1	0	1	1	1	0	1	0	1	0	1	0	1	1	1	0	1	1	1	0	0	0	1	0	1	0	1	1	1	0	1	0	1	1	0	0	1	0	0	1	
5688	5891	1	0	1	1	1	1	0	0	1	1	0	0	0	1	0	1	0	0	1	1	1	0	1	0	0	0	0	1	0	1	0	0	1	1	1	1	0	0	1	1	0	1	1	1	0	1	0	0	1	1	1	0	1	0	1	1	0	1	1	0	0	1	1	0	1	1	1	1	1	0	0	0	1	1	1	0	1	0	1	0	1	0	1	1	1	1	0	1	0	0	1	1	1	0	1	0	1	0	1	1	1	0	0	1	0	1	0	1	1	1	1	0	1	1	1	0	1	0	0	0	1	0	1	1	1	0	1	1	1	1	0	1	1	0	1	0	1	1	1	0	1	1	1	1	0	0	1	0	0	1	
5677	5892	1	0	1	1	1	1	0	0	1	1	0	0	0	1	0	1	0	0	1	1	1	0	1	0	0	0	1	1	0	1	0	0	0	1	1	1	0	0	1	1	0	1	1	1	0	1	0	0	1	1	1	0	1	1	0	1	0	1	1	0	0	1	1	0	1	1	1	1	1	0	0	0	1	1	1	0	1	0	1	0	1	0	1	1	1	1	0	1	0	0	1	1	1	0	1	0	1	1	1	1	1	0	0	1	0	1	0	1	1	1	1	0	1	1	1	0	1	0	0	0	1	0	1	1	1	0	1	1	1	1	0	0	1	0	1	0	0	1	1	0	1	1	1	1	0	0	1	0	0	1	
5673	5900	0	0	1	1	1	1	0	0	1	1	0	0	0	1	0	1	0	0	1	1	1	0	1	0	0	0	0	1	0	1	0	0	1	1	1	1	0	0	1	1	0	1	1	1	0	1	0	0	1	1	1	0	1	0	0	1	0	1	1	0	0	1	1	0	1	1	1	1	1	0	0	0	1	1	1	0	1	0	1	0	1	1	1	1	1	1	0	1	1	0	1	1	1	0	1	0	1	1	1	1	1	0	0	1	0	1	0	1	1	1	1	0	1	1	1	0	1	0	0	0	1	0	1	1	1	0	1	1	1	1	0	0	1	0	1	0	0	1	1	0	1	1	1	1	0	0	1	0	0	1	
5670	5903	0	0	1	1	1	1	0	0	1	1	0	0	0	1	0	1	0	0	1	1	1	0	1	0	0	0	1	1	0	1	0	0	1	1	1	1	0	0	1	1	0	1	1	1	0	1	0	0	1	1	1	0	1	1	0	1	0	1	1	0	0	1	1	0	1	1	1	1	1	0	0	0	0	1	1	0	1	0	1	0	1	0	1	1	1	1	0	1	0	0	1	1	1	0	1	0	1	1	1	1	1	0	0	1	0	1	0	1	1	1	1	0	1	1	1	0	1	0	0	0	1	0	1	1	1	0	1	1	1	1	0	0	1	0	1	0	1	1	1	0	1	1	1	1	0	0	1	0	0	1	
5666	5907	0	0	1	1	1	1	0	1	1	1	0	0	0	1	0	1	0	0	1	1	1	0	1	0	0	0	0	1	0	1	0	0	1	1	1	1	0	0	1	1	0	1	1	1	0	1	0	0	1	1	1	0	1	0	0	1	0	1	1	0	0	1	1	0	1	1	1	1	1	0	0	0	0	1	1	0	1	0	1	0	1	0	1	1	1	1	0	1	0	0	1	1	1	0	1	0	1	1	1	1	1	0	0	1	0	1	0	1	1	1	1	0	1	1	1	0	1	0	1	0	1	0	1	1	1	0	1	1	1	1	0	1	1	0	1	0	1	1	1	0	1	1	1	1	0	0	1	0	0	1	
5663	5909	0	0	1	1	1	1	0	0	1	1	0	0	0	1	0	1	0	0	1	1	1	0	1	0	0	0	1	1	0	1	0	0	1	1	1	1	0	0	1	1	1	1	1	1	0	1	0	0	1	1	1	0	1	0	0	1	0	1	1	0	0	1	1	0	1	1	1	1	1	0	0	0	0	1	1	0	1	0	1	0	1	0	1	1	1	1	0	1	1	0	1	1	1	0	1	0	1	1	1	1	1	0	0	1	0	1	0	1	1	1	1	0	1	1	1	0	1	0	1	0	0	0	1	1	1	0	1	1	1	1	0	0	1	0	1	0	1	1	1	0	1	1	1	1	0	0	1	0	0	1	
5659	5911	1	0	1	1	1	1	0	0	1	1	0	0	0	1	0	1	0	0	1	1	1	0	1	0	0	0	0	1	0	1	0	0	0	1	1	1	0	0	1	1	0	1	1	1	0	1	0	0	1	1	1	0	1	1	1	1	0	1	1	0	0	1	1	0	1	1	1	1	1	0	0	0	1	1	1	0	1	0	1	0	1	0	1	1	1	1	0	1	0	0	1	1	1	0	1	0	1	1	1	1	1	0	0	1	0	1	0	1	1	1	1	0	1	1	1	0	1	0	0	0	1	0	1	1	1	0	1	1	1	1	0	0	1	0	1	0	0	1	1	0	1	1	1	1	0	0	1	0	0	1	
5656	5920	0	0	1	1	1	1	0	0	1	1	0	0	0	1	0	1	0	0	1	1	1	0	1	0	0	0	0	1	0	1	0	0	1	1	1	1	0	0	1	1	0	1	1	1	0	1	0	0	1	1	1	0	1	0	0	1	0	1	1	0	0	1	1	0	1	1	1	1	1	0	0	0	1	1	1	0	1	0	1	0	1	0	1	1	1	1	0	1	0	0	1	1	1	0	1	0	1	1	1	1	1	0	0	1	0	1	0	1	1	1	1	0	1	1	1	0	1	0	1	0	1	0	1	1	1	0	1	1	1	1	0	1	1	0	1	0	1	1	1	0	1	1	1	1	0	0	1	0	0	1	
5651	5925	0	0	1	1	1	1	0	0	1	1	0	0	0	1	0	1	0	0	1	1	1	0	1	0	0	0	0	1	0	1	0	0	1	1	1	1	0	0	1	1	0	1	1	1	0	1	1	0	1	1	1	0	1	1	0	1	0	1	1	0	0	1	1	0	1	1	1	1	1	0	0	0	1	1	1	0	1	0	1	0	1	0	1	1	1	1	0	1	1	0	1	1	1	0	1	0	1	1	1	1	1	0	0	1	0	1	0	1	0	1	1	0	1	1	1	0	1	0	0	0	1	0	1	1	1	0	1	1	1	0	0	0	1	0	1	0	1	1	1	0	1	1	1	1	0	0	1	0	0	1	
5636	5937	0	0	1	1	1	1	0	0	1	1	0	0	0	1	0	1	0	0	1	1	1	0	1	0	0	0	1	1	0	1	0	0	1	1	1	1	0	0	1	1	0	1	1	1	0	1	1	0	1	1	1	0	1	0	1	1	0	1	1	0	0	1	1	0	1	1	1	1	1	0	0	0	1	1	1	0	1	0	1	0	1	0	1	1	1	1	0	1	1	0	1	1	1	0	1	0	1	1	1	1	1	0	0	1	0	1	0	1	1	1	1	0	1	1	1	0	1	0	0	0	0	0	1	1	1	0	1	1	1	0	0	0	1	0	1	0	1	1	1	0	1	1	1	1	0	0	1	0	0	1	
5620	5942	0	0	1	1	1	1	0	0	1	1	0	0	0	1	0	1	0	0	1	1	1	0	1	0	0	0	1	1	0	1	0	0	0	1	1	1	0	0	1	1	0	1	1	1	0	1	1	0	1	1	1	0	1	1	0	1	0	1	1	0	0	1	1	0	1	1	1	1	1	0	0	0	1	1	1	0	1	0	1	0	1	0	1	1	1	1	0	1	1	0	1	1	1	0	1	0	1	1	1	1	1	0	0	1	0	1	0	1	0	1	1	0	1	1	1	0	1	0	0	0	1	0	1	1	1	0	1	1	1	0	0	0	1	0	1	0	1	1	1	0	1	1	1	1	0	0	1	0	0	1	
5618	5943	0	0	1	1	1	1	0	0	1	0	0	0	0	1	0	1	0	0	1	1	1	0	1	0	0	0	1	1	0	1	0	0	1	1	1	1	0	0	1	1	0	1	1	1	0	1	0	0	1	1	1	0	1	1	0	1	0	1	1	0	0	1	1	0	1	1	1	1	1	0	0	0	1	1	1	0	1	0	1	0	1	1	1	1	1	1	0	1	1	0	1	1	1	0	1	0	1	1	1	1	1	0	0	1	0	1	0	1	1	1	1	0	1	1	1	0	1	0	0	0	0	0	1	1	1	0	1	1	1	0	0	0	1	0	1	0	1	1	1	0	1	1	1	1	0	0	1	0	0	1	
5613	5950	1	0	1	1	1	1	0	0	1	1	0	0	0	1	0	1	0	0	1	1	1	0	1	0	0	0	0	1	0	1	0	0	1	1	1	1	0	0	1	1	0	1	1	1	0	1	0	0	1	1	1	0	1	0	1	1	0	1	1	0	0	1	1	0	1	1	1	1	1	0	0	0	1	1	1	0	1	0	1	0	1	0	1	1	1	1	0	1	1	1	1	1	1	0	1	0	1	1	1	1	1	0	0	1	0	1	0	1	1	1	1	0	1	1	1	0	1	0	0	0	0	0	1	1	1	0	1	1	1	0	0	0	1	0	1	0	1	1	1	0	1	1	1	1	0	0	1	0	0	1	
5607	5956	0	0	1	1	1	1	0	0	1	1	0	0	0	1	0	1	0	0	1	1	1	0	1	0	0	0	0	1	0	1	0	0	0	1	1	1	0	0	1	1	0	1	1	1	0	1	0	0	1	1	1	0	1	0	1	1	0	1	1	0	0	1	1	0	1	1	1	1	1	0	0	0	1	1	1	0	1	0	1	0	1	0	1	1	1	1	0	1	0	0	1	1	1	0	1	0	1	1	1	1	1	0	0	1	0	1	0	1	1	1	1	0	1	1	1	0	1	0	1	0	1	0	1	1	1	0	1	1	1	1	0	1	1	0	1	0	1	1	1	0	1	1	1	1	0	0	1	0	0	1	
5600	5962	0	0	1	1	1	1	0	0	1	0	0	0	0	1	0	1	0	0	1	1	1	0	1	0	0	0	0	1	0	1	0	0	1	1	1	1	0	0	1	1	0	1	1	1	0	1	0	0	1	1	1	0	1	1	1	1	0	1	1	0	0	1	1	0	1	1	1	1	1	0	0	0	1	1	1	0	1	0	1	0	1	1	1	1	1	1	0	1	1	0	1	1	1	0	1	0	1	1	1	1	1	0	0	1	0	1	0	1	1	1	1	0	1	1	1	0	1	0	0	0	0	0	1	1	1	0	1	1	1	0	0	0	1	0	1	0	1	1	1	0	1	1	1	1	0	0	1	0	0	1	
5592	5971	0	0	1	1	1	1	0	0	1	1	0	0	0	1	0	1	0	0	1	1	1	0	1	0	0	0	0	1	0	1	0	0	1	1	1	1	0	0	1	1	0	1	1	1	0	1	1	0	1	1	1	0	1	1	0	1	0	1	1	0	0	1	1	0	1	1	1	1	1	0	0	0	0	1	1	0	1	0	1	0	1	0	1	1	1	1	0	1	1	0	1	1	1	0	1	0	1	1	1	1	1	0	0	1	0	1	0	1	1	1	1	0	1	1	1	0	1	0	0	0	0	0	1	1	1	0	1	1	1	1	0	0	1	0	1	0	1	1	1	0	1	1	1	1	0	0	1	0	0	1	
5576	5973	0	0	1	1	1	1	0	0	1	1	0	0	0	1	0	1	0	0	1	1	1	0	1	0	0	0	0	1	0	1	0	0	1	1	1	1	0	0	1	1	0	1	1	1	0	1	0	0	1	1	1	0	1	0	1	1	0	1	1	0	0	1	1	0	1	1	1	1	1	0	0	0	0	1	1	0	1	0	1	0	1	0	1	1	1	1	0	1	1	1	1	1	1	0	1	0	1	1	1	1	1	0	0	1	0	1	0	1	1	1	1	0	1	1	1	0	1	0	0	0	1	0	1	1	1	0	1	1	1	1	0	1	1	0	1	0	1	1	1	0	1	0	1	1	0	0	1	0	0	1	
5569	5979	0	0	1	1	1	1	0	0	1	0	0	0	0	1	0	1	0	0	1	1	1	0	1	0	0	0	1	1	0	1	0	0	0	1	1	1	0	0	1	1	0	1	1	1	0	1	0	0	1	1	1	0	1	1	1	1	0	1	1	0	0	1	1	0	1	1	1	1	1	0	0	0	1	1	1	0	1	0	1	0	1	1	1	1	1	1	0	1	1	0	1	1	1	0	1	0	1	1	1	1	1	0	0	1	0	1	0	1	1	1	1	0	1	1	1	0	1	0	0	0	0	0	1	1	1	0	1	1	1	0	0	0	1	0	1	0	1	1	1	0	1	1	1	1	0	0	1	0	0	1	
5561	5988	0	0	1	1	1	1	0	0	1	1	0	0	0	1	0	1	0	0	1	1	1	0	1	0	0	0	1	1	0	1	0	0	0	1	1	1	0	0	1	1	0	1	1	1	0	1	1	0	1	1	1	0	1	1	0	1	0	1	1	0	0	1	1	0	1	1	1	1	1	0	0	0	0	1	1	0	1	0	1	0	1	0	1	1	1	1	0	1	1	0	1	1	1	0	1	0	1	1	1	1	1	0	0	1	0	1	0	1	1	1	1	0	1	1	1	0	1	0	0	0	0	0	1	1	1	0	1	1	1	1	0	0	1	0	1	0	1	1	1	0	1	1	1	1	0	0	1	0	0	1	
5551	5993	0	0	1	1	1	1	0	0	1	0	0	0	0	1	0	1	0	0	1	1	1	0	1	0	0	0	1	1	0	1	0	0	1	1	1	1	0	0	1	1	0	1	1	1	0	1	0	0	1	1	1	0	1	0	1	1	0	1	1	0	0	1	1	0	1	1	1	1	1	0	0	0	1	1	1	0	1	0	1	0	1	0	1	1	1	1	0	1	1	1	1	1	1	0	1	0	1	1	1	1	1	0	0	1	0	1	0	1	1	1	1	0	1	1	1	0	1	0	0	0	1	0	1	1	1	0	1	1	1	1	0	0	1	0	1	0	1	1	1	0	1	0	1	1	0	0	1	0	0	1	
5544	5994	1	0	1	1	1	1	0	0	1	0	0	0	0	1	0	1	0	0	1	1	1	0	1	0	0	0	0	1	0	1	0	0	1	1	1	1	0	0	1	1	0	1	1	1	0	1	1	0	1	1	1	0	1	1	0	1	0	1	1	0	0	1	1	0	1	1	1	1	1	0	0	0	0	1	1	0	1	0	1	0	1	0	1	1	1	1	0	1	1	1	1	1	1	0	1	0	1	1	1	1	1	0	0	1	0	1	0	1	0	1	1	0	1	1	1	0	1	0	0	0	0	0	1	1	1	0	1	1	1	1	0	0	1	0	1	0	1	1	1	0	1	1	1	1	0	0	1	0	0	1	
5543	6007	0	0	1	1	1	1	0	0	1	1	0	0	0	1	0	1	0	0	1	1	1	0	1	0	0	0	0	1	0	1	0	0	0	1	1	1	0	0	1	1	0	1	1	1	0	1	1	0	1	1	1	0	1	1	1	1	0	1	1	0	0	1	1	0	1	1	1	1	1	0	0	0	0	1	1	0	1	0	1	0	1	0	1	1	1	1	0	1	1	0	1	1	1	0	1	0	1	1	1	1	1	0	0	1	0	1	0	1	1	1	1	0	1	1	1	0	1	0	0	0	0	0	1	1	1	0	1	1	1	1	0	0	1	0	1	0	1	1	1	0	1	1	1	1	0	0	1	0	0	1	
5521	6008	0	0	1	1	1	1	0	0	1	0	0	0	0	1	0	1	0	0	1	1	1	0	1	0	0	0	0	1	0	1	0	0	1	1	1	1	0	0	1	1	0	1	1	1	0	1	1	0	1	1	1	0	1	0	0	1	0	1	1	0	0	1	1	0	1	1	1	1	1	0	0	0	1	1	1	0	1	0	1	0	1	0	1	1	1	1	0	1	1	1	1	1	1	0	1	0	1	1	1	1	1	0	0	1	0	1	0	1	1	1	1	0	1	1	1	0	1	0	0	0	1	0	1	1	1	0	1	1	1	1	0	1	1	0	1	0	1	1	1	0	1	0	1	1	0	0	1	0	0	1	
5520	6012	0	0	1	1	1	1	0	0	1	0	0	0	0	1	0	1	0	0	1	1	1	0	1	0	0	0	0	1	0	1	0	0	0	1	1	1	0	0	1	1	0	1	1	1	0	1	0	0	1	1	1	0	1	0	0	1	0	1	1	0	0	1	1	0	1	1	1	1	1	0	0	0	1	1	1	0	1	0	1	0	1	0	1	1	1	1	0	1	1	0	1	1	1	0	1	0	1	1	1	1	1	0	0	1	0	1	0	1	1	1	1	0	1	1	1	0	1	0	1	1	1	0	1	1	1	0	1	1	1	1	0	1	1	0	1	0	1	1	1	0	1	1	1	1	0	0	1	0	0	1	
5515	6015	0	0	1	1	1	1	0	1	1	0	0	0	0	1	0	1	0	0	1	1	1	0	1	0	0	0	0	1	0	1	0	0	0	1	1	1	0	0	1	1	0	1	1	1	0	1	0	0	1	1	1	0	1	1	1	1	0	1	1	0	0	1	1	0	1	1	1	1	1	0	0	0	1	1	1	0	1	0	1	0	1	0	1	1	1	1	0	1	1	0	1	1	1	0	1	0	1	1	1	1	1	0	0	1	0	1	0	1	1	1	1	0	1	1	1	0	1	0	0	0	1	0	1	1	1	0	1	1	1	1	0	0	1	0	1	0	1	1	1	0	1	0	1	1	0	0	1	0	0	1	
5511	6017	0	0	1	1	1	1	0	0	1	0	0	0	0	1	0	1	0	0	1	1	1	0	1	0	0	0	0	1	0	1	0	0	1	1	1	1	0	0	1	1	0	1	1	1	0	1	1	0	1	1	1	0	1	1	0	1	0	1	1	0	0	1	1	0	1	1	1	1	1	0	0	0	0	1	1	0	1	0	1	0	1	0	1	1	1	1	0	1	1	1	1	1	1	0	1	0	1	1	1	1	1	0	0	1	0	1	0	1	1	1	1	0	1	1	1	0	1	0	1	0	0	0	1	1	1	0	1	1	1	1	0	1	1	0	1	0	1	1	1	0	1	0	1	1	0	0	1	0	0	1	
5505	6021	1	0	1	1	1	1	0	1	1	0	0	0	0	1	0	1	0	0	1	1	1	0	1	0	0	0	0	1	0	1	0	0	0	1	1	1	0	0	1	1	0	1	1	1	0	1	0	0	1	1	1	0	1	1	1	1	0	1	1	0	0	1	1	0	1	1	1	1	1	0	0	0	1	1	1	0	1	0	1	0	1	0	1	1	1	1	0	1	1	0	1	1	1	0	1	0	1	1	1	1	1	0	0	1	0	1	0	1	1	1	1	0	1	1	1	0	1	0	0	0	0	0	1	1	1	0	1	1	1	1	0	0	1	0	1	0	1	1	1	0	1	0	1	1	0	0	1	0	0	1	
5498	6024	0	0	1	1	1	1	0	0	1	0	0	0	0	1	0	1	0	0	1	1	1	0	1	0	0	0	0	1	0	1	0	0	0	1	1	1	0	0	1	1	0	1	1	1	0	1	1	0	1	1	1	0	1	0	1	1	0	1	1	0	0	1	1	0	1	1	1	1	1	0	0	0	1	1	1	0	1	0	1	0	1	0	1	1	1	1	0	1	1	0	1	1	1	0	1	0	1	1	1	1	1	0	0	1	0	1	0	1	1	1	1	0	1	1	1	0	1	0	1	0	0	0	1	1	1	0	1	1	1	1	0	1	1	0	1	0	1	1	1	0	1	1	1	1	0	0	1	0	0	1	
5490	6025	0	0	1	1	1	1	0	0	1	0	0	0	0	1	0	1	0	0	1	1	1	0	1	0	0	0	1	1	0	1	0	0	0	1	1	1	0	0	1	1	0	1	1	1	0	1	1	0	1	1	1	0	1	0	0	1	0	1	1	0	0	1	1	0	1	1	1	1	1	0	0	0	1	1	1	0	1	0	1	0	1	0	1	1	1	1	0	1	1	1	1	1	1	0	1	0	1	1	1	1	1	0	0	1	0	1	0	1	1	1	1	0	1	1	1	0	1	0	0	0	1	0	1	1	1	0	1	1	1	1	0	1	1	0	1	0	1	1	1	0	1	0	1	1	0	0	1	0	0	1	
5484	6028	0	0	1	1	1	1	0	0	1	1	0	0	0	1	0	1	0	0	1	1	1	0	1	0	0	0	0	1	0	1	0	0	0	1	1	1	0	0	1	1	0	1	1	1	0	1	1	0	1	1	1	0	1	0	1	1	0	1	1	0	0	1	1	0	1	1	1	1	1	0	0	0	1	1	1	0	1	0	1	0	1	0	1	1	1	1	0	1	1	1	1	1	1	0	1	0	1	1	1	1	1	0	0	1	0	1	0	1	1	1	1	0	1	1	1	0	1	0	1	0	0	0	1	1	1	0	1	1	1	1	0	0	1	0	1	0	1	1	1	0	1	0	1	1	0	0	1	0	0	1	
5482	6031	0	0	1	1	1	1	0	0	1	0	0	0	0	1	0	1	0	0	1	1	1	0	1	0	0	0	0	1	0	1	0	0	0	1	1	1	0	0	1	1	0	1	1	1	0	1	0	0	1	1	1	0	1	1	0	1	0	1	1	0	0	1	1	0	1	1	1	1	1	0	0	1	1	1	1	0	1	0	1	0	1	0	1	1	1	1	0	1	1	0	1	1	1	0	1	0	1	1	1	1	1	0	0	1	0	1	0	1	1	1	1	0	1	1	1	0	1	0	0	0	0	0	1	1	1	0	1	1	1	1	0	1	1	0	1	0	1	1	1	0	1	1	1	1	0	0	1	0	0	1	
5480	6034	0	0	1	1	1	1	0	0	1	0	0	0	0	1	0	1	0	0	1	1	1	0	1	0	0	0	1	1	0	1	0	0	0	1	1	1	0	0	1	1	0	1	1	1	0	1	1	0	1	1	1	0	1	1	0	1	0	1	1	0	0	1	1	0	1	1	1	1	1	0	0	0	0	1	1	0	1	0	1	0	1	0	1	1	1	1	0	1	1	1	1	1	1	0	1	0	1	1	1	1	1	0	0	1	0	1	0	1	1	1	1	0	1	1	1	0	1	0	1	0	0	0	1	1	1	0	1	1	1	1	0	1	1	0	1	0	1	1	1	0	1	0	1	1	0	0	1	0	0	1	
5473	6035	0	0	1	1	1	1	0	0	1	0	0	0	0	1	0	1	0	0	1	1	1	0	1	0	0	0	0	1	0	1	0	0	1	1	1	1	0	0	1	1	0	1	1	1	0	1	1	0	1	1	1	0	1	0	0	1	0	1	1	0	0	1	1	0	1	1	1	1	1	0	0	1	1	1	1	0	1	0	1	0	1	0	1	1	1	1	0	1	1	1	1	1	1	0	1	0	1	1	1	1	1	0	0	1	0	1	0	1	1	1	1	0	1	1	1	0	1	0	0	0	0	0	1	1	1	0	1	1	1	1	0	1	1	0	1	0	1	1	1	0	1	0	1	1	0	0	1	0	0	1	
5472	6044	0	0	1	1	1	1	0	0	1	0	0	0	0	1	0	1	0	0	1	1	1	0	1	0	0	0	0	1	0	1	0	0	0	1	1	1	0	0	1	1	0	1	1	1	0	1	1	0	1	1	1	0	1	0	1	1	0	1	1	0	0	1	1	0	1	1	1	1	1	0	0	0	1	1	1	0	1	0	1	0	1	0	1	1	1	1	0	1	1	1	1	1	1	0	1	0	1	1	1	1	1	0	0	1	0	1	0	1	1	1	1	0	1	1	1	0	1	0	0	0	1	0	1	1	1	0	1	1	1	1	0	1	1	0	1	0	1	1	1	0	1	0	1	1	0	0	1	0	0	1	
5462	6053	0	0	1	1	1	1	0	0	1	0	0	0	0	1	0	1	0	0	1	1	1	0	1	0	0	0	0	1	0	1	0	0	0	1	1	1	0	0	1	1	0	1	1	1	0	1	1	0	1	1	1	0	1	1	1	1	0	1	1	0	0	1	1	0	1	1	1	1	1	0	0	0	0	1	1	0	1	0	1	0	1	0	1	1	1	1	0	1	1	1	1	1	1	0	1	0	1	1	1	1	1	0	0	1	0	1	0	1	1	1	1	0	1	1	1	0	1	0	1	0	0	0	1	1	1	0	1	1	1	1	0	1	1	0	1	0	1	1	1	0	1	0	1	1	0	0	1	0	0	1	
5436	6054	0	0	1	1	1	1	0	0	1	0	0	0	0	1	0	1	0	0	1	1	1	0	1	0	0	0	0	1	0	1	0	0	0	1	1	1	0	0	1	1	0	1	1	1	0	1	0	0	1	1	1	0	1	1	1	1	0	1	1	0	0	1	1	0	1	1	1	1	1	0	0	1	1	1	1	0	1	0	1	0	1	0	1	1	1	1	0	1	1	0	1	1	1	0	1	0	1	1	1	1	1	0	0	1	0	1	0	1	1	1	1	0	1	1	1	0	1	0	0	1	0	0	1	1	1	0	1	1	1	1	0	0	1	0	1	0	1	1	1	0	1	0	1	1	0	0	1	0	0	1	
5435	6058	0	0	1	1	1	1	0	0	1	0	0	0	0	1	0	1	0	0	1	1	1	0	1	0	0	0	0	1	0	1	0	0	0	1	1	1	0	0	1	1	0	1	1	1	0	1	0	0	1	1	1	0	1	1	1	1	0	1	1	0	0	1	1	0	1	1	1	1	1	0	0	0	1	1	1	0	1	0	1	0	1	0	1	1	1	1	0	1	1	0	1	1	1	0	1	0	1	1	1	1	1	0	0	1	0	1	0	1	1	1	1	0	1	1	1	0	1	0	1	0	0	0	1	1	1	0	1	1	1	1	0	0	1	1	1	0	1	1	1	0	1	0	1	1	0	0	1	0	0	1	
5429	6060	0	0	1	1	1	1	0	0	1	0	0	0	0	1	0	0	0	0	1	1	1	0	1	0	0	0	0	1	0	1	0	1	0	1	1	1	0	0	1	1	0	1	1	1	0	1	0	0	1	1	1	0	1	1	0	1	0	1	1	0	0	1	1	0	1	1	1	1	1	0	0	0	1	1	1	0	1	0	1	0	1	0	1	1	1	1	0	1	1	1	1	1	1	0	1	0	1	1	1	1	1	0	0	1	0	1	0	1	1	1	1	0	1	1	1	0	1	0	0	0	1	0	1	1	1	0	1	1	1	1	0	0	1	0	1	0	1	1	1	0	1	1	1	1	0	0	1	0	0	1	
5414	6061	0	0	1	1	1	1	0	0	1	0	0	0	0	1	0	1	0	0	1	1	1	0	1	0	0	0	0	1	0	1	0	0	0	1	1	1	0	0	1	1	0	1	1	1	0	1	1	0	1	1	1	0	1	1	0	1	0	1	1	0	0	1	1	0	1	1	1	1	1	0	0	1	1	1	1	0	1	0	1	0	1	0	1	1	1	1	0	1	1	1	1	1	1	0	1	0	1	1	1	1	1	0	0	1	0	1	0	1	1	1	1	0	1	1	1	0	1	0	0	0	0	0	1	1	1	0	1	1	1	1	0	0	1	0	1	0	1	1	1	0	1	0	1	1	0	0	1	0	0	1	
5413	6065	0	0	1	1	1	1	0	0	1	0	0	0	0	1	0	0	0	0	1	1	1	0	1	0	0	0	0	1	0	1	0	0	0	1	1	1	0	0	1	1	0	1	1	1	0	1	1	0	1	1	1	0	1	0	1	1	0	1	1	0	0	1	1	0	1	1	1	1	1	0	0	0	1	1	1	0	1	0	1	0	1	0	1	1	1	1	0	1	1	1	1	1	1	0	1	0	1	1	1	1	1	0	0	1	0	1	0	1	1	1	1	0	1	1	1	0	1	0	1	1	1	0	1	1	1	0	1	1	1	1	0	0	1	0	1	0	1	1	1	0	1	0	1	1	0	0	1	0	0	1	
5407	6071	0	0	1	1	1	1	0	0	1	0	0	0	0	1	0	0	0	0	1	1	1	0	1	0	0	0	0	1	0	1	0	0	0	1	1	1	0	0	1	1	0	1	1	1	0	1	1	0	1	1	1	0	1	1	1	1	0	1	1	0	0	1	1	0	1	1	1	1	1	0	0	1	0	1	1	0	1	0	1	0	1	0	1	1	1	1	0	1	1	1	1	1	1	0	1	0	1	1	1	1	1	0	0	1	0	1	0	1	1	1	1	0	1	1	1	0	1	0	0	0	0	0	1	1	1	0	1	1	1	1	0	0	1	0	1	0	1	1	1	0	1	1	1	1	0	0	1	0	0	1	
5402	6072	0	0	1	1	1	1	0	1	1	0	0	0	0	1	0	0	0	0	1	1	1	0	1	0	0	0	0	1	0	1	0	1	0	1	1	1	0	0	1	1	0	1	1	1	0	1	1	0	1	1	1	0	1	1	1	1	0	1	1	0	0	1	1	0	1	1	1	1	1	0	0	0	1	1	1	0	1	0	1	0	1	0	1	1	1	1	0	1	1	0	1	1	1	0	1	0	1	1	1	1	1	0	0	1	0	1	0	1	1	1	1	0	1	1	1	0	1	0	0	0	0	0	1	1	1	0	1	1	1	1	0	0	1	0	1	0	1	1	1	0	1	0	1	1	0	0	1	0	0	1	
5389	6078	0	0	1	1	1	1	0	0	1	0	0	0	0	1	0	1	0	0	1	1	1	0	1	0	0	0	0	1	0	1	0	0	0	1	1	1	0	0	1	1	0	1	1	1	0	1	1	0	1	1	0	0	1	1	0	1	0	1	1	0	0	1	1	0	1	1	1	1	1	0	0	1	1	1	1	0	1	0	1	0	1	0	1	1	1	1	0	1	1	1	1	1	1	0	1	0	1	1	1	1	1	0	0	1	0	1	0	1	1	1	1	0	1	1	1	0	1	0	0	0	0	0	1	1	1	0	1	1	1	1	0	1	1	0	1	0	1	1	1	0	1	0	1	1	0	0	1	0	0	1	
5386	6081	0	0	1	1	1	1	0	0	1	0	0	0	0	1	0	1	0	0	1	1	1	0	1	0	0	0	0	1	0	1	0	0	0	1	1	1	0	0	1	1	0	1	1	1	0	1	0	0	1	1	1	0	1	1	0	1	0	1	1	0	0	1	1	0	1	1	1	1	1	0	0	1	0	1	1	0	1	0	1	0	1	0	1	1	1	1	0	1	1	1	1	1	1	0	1	0	1	1	1	1	1	0	0	1	0	1	0	1	1	1	1	0	1	1	1	0	1	0	0	0	0	0	1	1	1	0	1	1	1	1	0	1	1	1	1	0	1	1	1	0	1	0	1	1	0	0	1	0	0	1	
5378	6082	0	0	1	1	1	1	0	0	1	0	0	0	0	1	0	0	0	0	1	1	1	0	1	0	0	0	0	1	0	1	0	0	0	1	1	1	0	0	1	1	0	1	1	1	0	1	1	0	1	1	1	0	1	0	0	1	0	1	1	0	0	1	1	0	1	1	1	1	1	0	0	1	1	1	1	0	1	0	1	0	1	0	1	1	1	1	0	1	1	0	1	1	1	0	1	0	1	1	1	1	1	0	0	1	0	1	0	1	1	1	1	0	1	1	1	0	1	0	0	0	0	0	1	1	1	0	1	1	1	1	0	1	1	1	1	0	1	1	1	0	1	1	1	1	0	0	1	0	0	1	
5375	6084	0	0	1	1	1	1	0	0	1	0	0	0	0	1	0	0	0	0	1	1	1	0	1	0	0	0	0	1	0	1	0	0	0	1	1	1	0	0	1	1	0	1	1	1	0	1	1	0	1	1	1	0	1	1	1	1	0	1	1	0	0	1	1	0	1	1	1	1	1	0	0	1	1	1	1	0	1	0	1	0	1	0	1	1	1	1	0	1	1	1	1	1	1	0	1	0	1	1	1	1	1	0	0	1	0	1	0	1	1	1	1	0	1	1	1	0	1	0	0	0	0	0	1	1	1	0	1	1	1	1	0	0	1	0	1	0	1	1	1	0	1	0	1	1	0	0	1	0	0	1	
5365	6085	0	0	1	1	1	1	0	0	1	0	0	0	0	1	0	1	0	0	1	1	1	0	1	0	0	0	0	1	0	1	0	0	0	1	1	1	0	0	1	1	0	1	1	1	0	1	1	0	1	1	1	0	1	0	1	1	0	1	1	0	0	1	1	0	1	1	1	1	1	0	0	1	1	1	1	0	1	0	1	0	1	0	1	1	1	1	0	1	1	1	1	1	1	0	1	0	1	1	1	1	1	0	0	1	0	1	0	1	0	1	1	0	1	1	1	0	1	0	0	0	0	0	1	1	1	0	1	1	1	1	0	0	1	1	1	0	1	1	1	0	1	0	1	1	0	0	1	0	0	1	
5358	6086	0	0	1	1	1	1	0	0	1	0	0	0	0	1	0	0	0	0	1	1	1	0	1	0	0	0	0	1	0	1	0	0	0	1	1	1	0	0	1	1	0	1	1	1	0	1	1	0	1	1	1	0	1	1	1	1	0	1	1	0	0	1	1	0	1	1	1	1	1	0	0	1	1	1	1	0	1	0	1	0	1	0	1	1	1	1	0	1	1	1	1	1	1	0	1	0	1	1	1	1	1	0	0	1	0	1	0	1	1	1	1	0	1	1	1	0	1	0	0	0	0	0	1	1	1	0	1	1	1	0	0	0	1	1	1	0	1	1	1	0	1	0	1	1	0	0	1	0	0	1	
5353	6087	0	0	1	1	1	1	0	0	1	0	0	0	0	1	0	0	0	0	1	1	1	0	1	0	0	0	0	1	0	1	0	0	0	1	1	1	0	0	1	1	0	1	1	1	0	1	1	0	1	1	1	0	1	1	1	1	0	1	1	0	0	1	1	0	1	1	1	1	1	0	0	0	0	1	1	0	1	0	1	0	1	0	1	1	1	1	0	1	1	1	1	1	1	0	1	0	1	1	1	1	1	0	0	1	0	1	0	1	1	1	1	0	1	1	1	0	1	0	1	0	0	0	1	1	1	0	1	1	1	1	0	0	1	1	1	0	1	1	1	0	1	0	1	1	0	0	1	0	0	1	
5349	6090	0	0	1	1	1	1	0	0	1	0	0	0	0	1	0	0	0	0	1	1	1	0	1	0	0	0	0	1	0	1	0	1	0	1	1	1	0	0	1	1	0	1	1	1	0	1	1	0	1	1	1	0	1	1	0	1	0	1	1	0	0	1	1	0	1	1	1	1	1	0	0	1	1	1	1	0	1	0	1	0	1	0	1	1	1	1	0	1	1	1	1	1	1	0	1	0	1	1	1	1	1	0	0	1	0	1	0	1	0	1	1	0	1	1	1	0	1	0	0	0	0	0	1	1	1	0	1	1	1	1	0	1	1	0	1	0	1	1	1	0	1	0	1	1	0	0	1	0	0	1	
5344	6092	0	0	1	1	1	1	0	0	1	0	0	0	0	1	0	0	0	0	1	1	1	0	1	0	0	0	0	1	0	1	0	1	0	1	1	1	0	0	1	1	0	1	1	1	0	1	1	0	1	1	1	0	1	0	1	1	0	1	1	0	0	1	1	0	1	1	1	1	1	0	0	0	1	1	1	0	1	0	1	0	1	0	1	1	1	1	0	1	1	1	1	1	1	0	1	0	1	1	1	1	1	0	0	1	0	1	0	1	1	1	1	0	1	1	1	0	1	0	1	1	0	0	1	1	1	0	1	1	1	1	0	0	1	0	1	0	1	1	1	0	1	0	1	1	0	0	1	0	0	1	
5337	6097	0	0	1	1	1	1	0	0	1	0	0	0	0	1	0	1	0	0	1	1	1	0	1	0	0	0	0	1	0	1	0	1	0	1	1	1	0	0	1	1	0	1	1	1	0	1	1	0	1	1	1	0	1	0	1	1	0	1	1	0	0	1	1	0	1	1	1	1	1	0	0	0	1	1	1	0	1	0	1	0	1	0	1	1	1	1	0	1	1	1	1	1	1	1	1	0	1	1	1	1	1	0	0	1	0	1	0	1	1	1	1	0	1	1	1	0	1	0	0	0	0	0	1	1	1	0	1	1	1	1	0	1	1	0	0	0	1	1	1	0	1	0	1	1	0	0	1	0	0	1	
5330	6099	0	0	1	1	1	1	0	0	1	0	0	0	0	1	0	0	0	0	1	1	1	0	1	0	0	0	0	1	0	1	0	0	0	1	1	1	0	0	1	1	0	1	1	1	0	1	1	0	1	1	0	0	1	1	0	1	0	1	1	0	0	1	1	0	1	1	1	1	1	0	0	1	1	1	1	0	1	0	1	0	1	0	1	1	1	1	0	1	1	1	1	1	1	0	1	0	1	1	1	1	1	0	0	1	0	1	0	1	1	1	1	0	1	1	1	0	1	0	1	1	0	0	1	1	1	0	1	1	1	1	0	0	1	0	1	0	1	1	1	0	1	0	1	1	0	0	1	0	0	1	
5327	6103	0	0	1	1	1	1	0	0	1	0	0	0	0	1	0	0	0	0	1	1	1	0	1	0	0	0	0	1	0	1	0	1	0	1	1	1	0	0	1	1	0	1	1	1	0	1	0	0	1	1	1	0	1	1	0	1	0	1	1	0	0	1	1	0	1	1	1	1	1	0	0	0	1	1	1	0	1	0	1	0	1	0	1	1	1	1	0	1	1	1	1	1	1	0	1	0	1	1	1	1	1	0	0	1	0	1	0	1	1	1	1	0	1	1	1	0	1	0	1	0	0	0	1	1	1	0	1	1	1	1	0	0	1	1	1	0	1	1	1	0	1	0	1	1	0	0	1	0	0	1	
5315	6105	0	0	1	1	1	1	0	0	1	0	0	0	0	1	0	0	0	0	1	1	1	0	1	0	0	0	0	1	0	1	0	0	0	1	1	1	0	0	1	1	0	1	1	1	0	1	1	0	1	1	1	0	1	0	1	1	0	1	1	0	0	1	1	0	1	1	1	1	1	0	0	1	1	1	1	0	1	0	1	0	1	0	1	1	1	1	0	1	1	1	1	1	1	0	1	0	1	1	1	1	1	0	0	1	0	1	0	1	1	1	1	0	1	1	1	0	1	0	0	0	0	0	1	1	1	0	1	1	1	1	0	0	1	1	1	0	1	1	1	0	1	0	1	1	0	0	1	0	0	1	
5309	6107	0	0	1	1	1	1	0	0	1	0	0	0	0	1	0	0	0	0	1	1	1	0	1	0	0	0	1	1	0	1	0	0	0	1	1	1	0	0	1	1	0	1	1	1	0	1	1	0	1	1	1	0	1	0	1	1	0	1	1	0	0	1	1	0	1	1	1	1	1	0	0	0	0	1	1	0	1	0	1	0	1	0	1	1	1	1	0	1	1	1	1	1	1	1	1	0	1	1	1	1	1	0	0	1	0	1	0	1	1	1	1	0	1	1	1	0	1	0	0	0	0	0	1	1	1	0	1	1	1	1	0	0	1	1	1	0	1	1	1	0	1	0	1	1	0	0	1	0	0	1	
5299	6108	0	0	0	1	1	1	0	0	1	0	0	0	0	1	0	0	0	0	1	1	1	0	1	0	0	0	0	1	0	1	0	0	0	1	1	1	0	0	1	1	0	1	1	1	0	1	0	0	1	1	1	0	1	1	1	1	0	1	1	0	0	1	1	0	1	1	1	1	1	0	0	1	1	1	1	0	1	0	1	0	1	0	1	1	1	1	0	1	1	1	1	1	1	0	1	0	1	1	1	1	1	0	0	1	0	1	0	1	1	1	1	0	1	1	1	0	1	0	1	0	0	0	1	1	1	0	1	1	1	1	0	0	1	1	1	0	1	1	1	0	1	0	1	1	0	0	1	0	0	1	
5294	6109	0	0	0	1	1	1	0	0	1	0	0	0	0	1	0	1	0	0	1	1	1	0	1	0	0	0	0	1	0	1	0	0	0	1	1	1	0	0	1	1	0	1	1	1	0	1	0	0	1	1	0	0	1	0	1	1	0	1	1	0	0	1	1	0	1	1	1	1	1	0	0	1	1	1	1	0	1	0	1	0	1	0	1	1	1	1	0	1	1	1	1	1	1	1	1	0	1	1	1	1	1	0	0	1	0	1	0	1	1	1	1	0	1	1	1	0	1	0	0	1	0	0	1	1	1	0	1	1	1	1	0	0	1	0	1	0	1	1	1	0	1	1	1	1	0	0	1	0	0	1	
5293	6118	0	0	1	1	1	1	0	0	1	0	0	0	0	1	0	1	0	0	1	1	1	0	1	0	0	0	0	1	0	1	0	1	0	1	1	1	0	0	1	1	0	1	1	1	0	1	1	0	1	1	0	0	1	0	0	1	0	1	1	0	0	1	1	0	1	1	1	1	1	0	0	0	1	1	1	0	1	0	1	0	1	0	1	1	1	1	0	1	1	1	1	1	1	0	1	0	1	1	1	1	1	0	0	1	0	1	0	1	1	1	1	0	1	1	1	0	1	0	0	1	0	0	1	1	1	0	1	1	1	1	0	0	1	1	1	0	1	1	1	0	1	0	1	1	0	0	1	0	0	1	
5272	6120	0	0	1	1	1	1	0	0	1	0	0	0	0	1	0	0	0	0	1	1	1	0	1	0	0	0	0	1	0	1	0	1	0	1	1	1	0	0	1	1	0	1	1	1	0	1	1	0	1	1	0	0	1	1	1	1	0	1	1	0	0	1	1	0	1	1	1	1	1	0	0	0	1	1	1	0	1	0	1	0	1	0	1	1	1	1	0	1	1	1	1	1	1	0	1	0	1	1	1	1	1	0	0	1	0	1	0	1	1	1	1	0	1	1	1	0	1	0	1	0	0	0	1	1	1	0	1	1	1	1	0	0	1	1	0	0	1	1	1	0	1	0	1	1	0	0	1	0	0	1	
5269	6122	0	0	1	1	1	1	0	0	1	0	0	0	0	1	0	0	0	0	1	1	1	0	1	0	0	0	0	1	0	1	0	1	0	1	1	1	0	0	1	1	0	1	1	1	0	1	1	0	1	1	0	0	1	0	1	1	0	1	1	0	0	1	1	0	1	1	1	1	1	0	0	0	1	1	1	0	1	0	1	0	1	0	1	1	1	1	0	1	1	1	1	1	1	0	1	0	1	1	1	1	1	0	0	1	0	1	0	1	1	1	1	0	1	1	1	0	1	0	0	0	0	0	1	1	1	0	1	1	1	1	0	1	1	1	1	0	1	1	1	0	1	0	1	1	0	0	1	0	0	1	
5265	6123	0	0	0	1	1	1	0	0	1	0	0	0	0	1	0	1	0	0	1	1	1	0	1	0	0	0	0	1	0	1	0	0	0	1	1	1	0	0	1	1	0	1	1	1	0	1	1	0	1	1	0	0	1	0	1	1	0	1	1	0	0	1	1	0	1	1	1	1	1	0	0	1	1	1	1	0	1	0	1	0	1	0	1	1	1	1	0	1	1	1	1	1	1	0	1	0	1	1	1	1	1	0	0	1	0	1	0	1	1	1	1	0	1	1	1	0	1	0	0	1	0	0	1	1	1	0	1	1	1	1	0	0	1	1	1	0	1	1	1	0	1	0	1	1	0	0	1	0	0	1	
5256	6133	0	0	1	1	1	1	0	0	1	0	0	0	0	1	0	0	0	0	1	1	1	0	1	0	0	0	0	1	0	1	0	0	0	1	1	1	0	0	1	1	0	1	1	1	0	1	1	0	1	1	0	0	1	1	1	1	0	1	1	0	0	1	1	0	1	1	1	1	1	0	0	0	0	1	1	0	1	0	1	0	1	0	1	1	1	1	0	1	1	1	1	1	1	1	1	0	1	1	1	1	1	0	0	1	0	1	0	1	1	1	1	0	1	1	1	0	1	0	0	0	0	0	1	1	1	0	1	1	1	1	0	0	1	1	1	0	1	1	1	0	1	0	1	1	0	0	1	0	0	1	
5233	6134	0	0	0	1	1	1	0	0	1	0	0	0	0	1	0	0	0	0	1	1	1	0	1	0	0	0	0	1	0	1	0	0	0	1	1	1	0	0	1	1	0	1	1	1	0	1	0	0	1	1	1	0	1	1	1	1	0	1	1	0	0	1	1	0	1	1	1	1	1	0	0	1	1	1	1	0	1	0	1	0	1	0	1	1	1	1	0	1	1	1	1	1	1	1	1	0	1	1	1	1	1	0	0	1	0	1	0	1	1	1	1	0	1	1	1	0	1	0	1	0	0	0	1	1	1	0	1	1	1	1	0	0	1	1	0	0	1	1	1	0	1	0	1	1	0	0	1	0	0	1	
5225	6143	0	0	0	1	1	1	0	0	1	0	0	0	0	1	0	0	0	0	1	1	1	0	1	0	0	0	0	1	0	1	0	0	0	1	1	1	0	0	1	1	0	1	1	1	0	1	1	0	1	1	1	0	1	0	0	1	0	1	1	0	0	1	1	0	1	1	1	1	1	0	0	1	1	1	1	0	1	0	1	0	1	0	1	1	1	1	0	1	1	1	1	1	1	1	1	0	1	1	1	1	1	0	0	1	0	1	0	1	1	1	1	0	1	1	1	0	1	0	0	0	0	0	1	1	1	0	1	1	1	1	0	1	1	1	1	0	1	1	1	0	1	0	1	1	0	0	1	0	0	1	
5202	6146	0	0	1	1	1	1	0	0	1	0	0	0	0	1	0	0	0	0	1	1	1	0	1	0	0	0	0	1	0	1	0	1	0	1	1	1	0	0	1	1	0	1	1	1	0	1	0	0	1	1	1	0	1	0	0	1	0	1	1	0	0	1	1	0	1	1	1	1	1	0	0	1	1	1	1	0	1	0	1	0	1	0	1	1	1	1	0	1	1	1	1	1	1	1	1	0	1	1	1	1	1	0	0	1	0	1	0	1	1	1	1	0	1	1	1	0	1	0	0	1	0	0	1	1	1	0	1	1	1	1	0	0	1	1	0	0	1	1	1	0	1	0	1	1	0	0	1	0	0	1	
5178	6149	0	0	0	1	1	1	0	0	1	0	0	0	0	1	0	1	0	0	1	1	1	0	1	0	0	0	0	1	0	1	0	1	0	1	1	1	0	0	1	1	0	1	1	1	0	1	1	0	1	1	0	0	1	0	1	1	0	1	1	0	0	1	1	0	1	1	1	1	1	0	0	0	1	1	1	0	1	0	1	0	1	0	1	1	1	1	0	1	1	1	1	1	1	1	1	0	1	1	1	1	1	0	0	1	0	1	0	1	1	1	1	0	1	1	1	0	1	0	0	1	0	0	1	1	1	0	1	1	1	1	0	0	1	1	0	0	1	1	1	0	1	0	1	1	0	0	1	0	0	1	
5164	6151	0	0	0	1	1	1	0	0	1	0	0	0	0	1	0	0	0	0	1	1	1	0	1	0	0	0	0	1	0	1	0	1	0	1	1	1	0	0	1	1	0	1	1	1	0	1	0	0	1	1	0	0	1	0	0	1	0	1	1	0	0	1	1	0	1	1	1	1	1	0	0	0	1	1	1	0	1	0	1	0	1	0	1	1	1	1	0	1	1	1	1	1	1	1	1	0	1	1	1	1	1	0	0	1	0	1	0	1	1	1	1	0	1	1	1	0	1	0	1	1	0	0	1	1	1	0	1	1	1	1	0	1	1	1	1	0	1	1	1	0	1	0	1	1	0	0	1	0	0	1	
5160	6154	0	0	1	1	1	0	0	0	1	0	0	0	0	1	0	0	0	0	1	1	1	0	1	0	0	0	0	1	0	1	0	1	0	1	1	1	0	0	1	1	0	1	1	1	0	1	1	0	1	1	0	0	1	0	0	1	0	1	1	0	0	1	1	0	1	1	1	1	1	0	0	0	1	1	1	0	1	0	1	0	1	0	1	1	1	1	0	1	1	1	1	1	1	1	1	0	1	1	1	1	1	0	0	1	0	1	0	1	1	1	1	0	1	1	1	0	1	0	0	0	0	0	1	1	1	0	1	1	1	1	0	1	1	1	1	0	1	1	1	0	1	0	1	1	0	0	1	0	0	1	
5148	6155	0	0	0	1	1	1	0	0	1	0	0	0	0	1	0	0	0	0	1	1	1	0	1	0	1	0	0	1	0	1	0	0	0	1	1	1	0	0	1	1	0	1	1	1	0	1	1	0	1	1	0	0	1	0	1	1	0	1	1	0	0	1	1	0	1	1	1	1	1	0	0	0	1	1	1	0	1	0	1	0	1	0	1	1	1	1	0	1	1	1	1	1	1	1	1	0	1	1	1	1	1	0	0	1	0	1	0	1	1	1	1	0	1	1	1	0	1	0	0	0	0	0	1	1	1	0	1	1	1	1	0	0	1	1	1	0	1	1	1	0	1	0	1	1	0	0	1	0	0	1	
5132	6159	0	0	0	1	1	0	0	0	1	0	0	0	0	1	0	0	0	0	1	1	1	0	1	0	0	0	0	1	0	1	0	0	0	1	1	1	0	0	1	1	0	1	1	1	0	1	1	0	1	1	0	0	1	0	1	1	0	1	1	0	0	1	1	0	1	1	1	1	1	0	0	1	1	1	1	0	1	0	1	0	1	0	1	1	1	1	0	1	1	1	1	1	1	1	1	0	1	1	1	1	1	0	0	1	0	1	0	1	1	1	1	0	1	1	1	0	1	0	0	0	0	0	1	1	1	0	1	1	1	1	0	1	1	1	1	0	1	1	1	0	1	0	1	1	0	0	1	0	0	1	
5128	6160	0	0	0	1	1	1	0	0	1	0	0	0	0	1	0	0	0	0	1	1	1	0	0	0	0	0	0	1	0	1	0	1	0	1	1	1	0	0	1	1	0	1	1	1	0	1	0	0	1	1	1	0	1	0	1	1	0	1	1	0	0	1	1	0	1	1	1	1	1	0	1	0	1	1	1	0	1	0	1	0	1	0	1	1	1	1	0	1	1	1	1	1	1	1	1	0	1	1	1	1	1	0	0	1	0	1	0	1	1	1	1	0	1	1	1	0	1	0	0	0	0	0	1	1	1	0	1	1	1	1	0	0	1	1	1	0	1	1	1	0	1	0	1	1	0	0	1	0	0	1	
5125	6166	0	0	0	1	1	1	0	0	1	0	0	0	0	1	0	0	0	0	1	1	1	0	1	0	0	0	0	1	0	1	0	1	0	1	1	1	0	0	1	1	0	1	1	1	0	1	1	0	1	1	0	0	1	1	1	1	0	1	1	0	0	1	1	0	1	1	1	1	1	0	0	0	0	1	1	0	1	0	1	0	1	0	1	1	1	1	0	1	1	1	1	1	1	1	1	0	1	1	1	1	1	0	0	1	0	1	0	1	1	1	1	0	0	1	1	0	1	0	0	1	0	0	1	1	1	0	1	1	1	1	0	0	1	1	1	0	1	1	1	0	1	0	1	1	0	0	1	0	0	1	
5108	6171	0	0	0	1	1	1	0	0	1	0	0	0	0	1	0	0	0	0	1	1	1	0	0	0	0	0	0	1	0	1	0	0	0	1	1	1	0	0	1	1	0	1	1	1	0	1	1	0	1	1	0	0	1	0	1	1	0	1	1	0	0	1	1	0	1	1	1	1	1	0	0	1	1	1	1	0	1	0	1	0	1	0	1	1	1	1	0	1	1	1	1	1	1	1	1	0	1	1	1	1	1	0	0	1	0	1	0	1	1	1	1	0	1	1	1	0	1	0	0	1	0	0	1	1	1	0	1	1	1	1	0	0	1	1	1	0	1	1	1	0	1	0	1	1	0	0	1	0	0	1	
5078	6172	0	0	0	1	1	1	0	0	1	0	0	0	0	1	0	0	0	0	1	1	1	0	0	0	0	0	0	1	0	1	0	0	0	1	1	1	0	0	1	1	0	1	1	1	0	1	1	0	1	1	0	0	1	0	1	1	0	1	1	0	0	1	1	0	1	1	1	1	1	0	0	0	1	1	1	0	1	0	1	0	1	0	1	1	1	1	0	1	1	1	1	1	1	1	1	0	1	1	1	1	1	0	0	1	0	1	0	1	1	1	1	0	1	1	1	1	1	0	0	1	0	0	1	1	1	0	1	1	1	1	0	0	1	1	1	0	1	1	1	0	1	0	1	1	0	0	1	0	0	1	
5050	6174	0	0	0	1	1	0	0	0	1	0	0	0	0	1	0	0	0	0	1	1	1	0	0	0	0	0	0	1	0	1	0	1	0	1	1	1	0	0	1	1	0	1	1	1	0	1	1	0	1	1	0	0	1	0	0	1	0	1	1	0	0	1	1	0	1	1	1	1	1	0	0	0	1	1	1	0	1	0	1	0	1	0	1	1	1	1	0	1	1	1	1	1	1	1	1	0	1	1	1	1	1	0	0	1	0	1	0	1	1	1	1	0	1	1	1	0	1	0	1	1	0	0	1	1	1	0	1	1	1	1	0	1	1	1	1	0	1	1	1	0	1	0	1	1	0	0	1	0	0	1	
5049	6175	0	0	0	1	1	1	0	0	1	0	0	0	0	1	1	0	0	0	1	1	1	0	0	0	0	0	0	1	0	1	0	1	0	1	1	1	0	0	1	1	0	1	1	1	0	1	0	0	1	1	0	0	1	0	0	1	0	1	1	0	0	1	1	0	1	1	1	1	1	0	0	0	1	1	1	0	1	0	1	0	1	0	1	1	1	1	0	1	1	1	1	1	1	1	1	0	1	1	1	1	1	0	0	1	0	1	0	1	1	1	1	0	1	1	1	0	1	0	0	1	0	0	1	1	1	0	1	1	1	1	0	1	1	1	1	0	1	1	1	0	1	0	1	1	0	0	1	0	0	1	
5046	6177	0	0	0	1	1	1	0	0	1	0	0	0	0	1	0	0	0	0	1	1	1	0	1	0	0	0	0	1	0	1	0	1	0	1	1	1	0	0	1	1	0	1	1	1	0	1	1	0	1	1	0	0	1	0	0	1	0	1	1	0	0	1	1	0	1	1	1	1	1	0	1	1	1	1	1	0	1	0	1	0	1	0	1	1	1	1	0	1	1	1	1	1	1	1	1	0	1	1	1	1	1	0	0	1	0	1	0	1	1	1	1	0	0	1	1	0	1	0	0	1	0	0	1	1	1	0	1	1	1	1	0	0	1	1	0	0	1	1	1	0	1	0	1	1	0	0	1	0	0	1	
5026	6179	0	0	0	1	1	0	0	0	1	0	0	0	0	1	0	0	0	0	1	1	1	0	0	0	0	0	0	1	0	1	0	1	0	1	1	1	0	0	1	1	0	1	1	1	0	1	0	0	1	1	0	0	1	1	1	1	0	1	1	0	0	1	1	0	1	1	1	1	1	0	0	1	1	1	1	0	1	0	1	0	1	0	1	1	1	1	0	1	1	1	1	1	1	1	1	0	1	1	1	1	1	0	0	1	0	1	0	1	1	1	1	0	0	1	1	0	1	0	0	0	0	0	1	1	1	0	1	1	1	1	0	1	1	1	1	0	1	1	1	0	1	0	1	1	0	0	1	0	0	1	
5011	6181	0	0	0	1	1	1	0	0	1	0	0	0	0	1	0	0	0	0	1	1	1	0	0	0	0	0	0	1	0	1	0	1	0	1	1	1	0	0	1	1	0	1	1	1	0	1	1	0	1	1	0	0	1	0	0	1	0	1	1	0	0	1	1	0	1	1	1	1	1	0	0	0	1	1	1	0	1	0	1	0	1	0	1	1	1	1	0	1	1	1	1	1	1	1	1	0	1	1	1	1	1	0	0	1	0	1	0	1	1	1	1	0	0	1	1	1	1	0	0	1	0	0	1	1	1	0	1	1	1	1	0	1	1	1	1	0	1	1	1	0	1	0	1	1	0	0	1	0	0	1	
4995	6182	0	0	0	1	1	0	0	0	1	0	0	0	0	1	0	0	0	0	1	1	1	0	0	0	0	0	0	1	0	1	0	0	0	1	1	1	0	0	1	1	0	1	1	1	0	1	1	0	1	1	0	0	1	1	0	1	0	1	1	0	0	1	1	0	1	1	1	1	1	0	0	1	1	1	1	0	1	0	1	0	1	0	1	1	1	1	0	1	1	1	1	1	1	1	1	0	1	1	1	1	1	0	0	1	0	1	0	1	1	1	1	0	1	1	1	1	1	0	0	1	0	0	1	1	1	0	1	1	1	1	0	0	1	1	0	0	1	1	1	0	1	0	1	1	0	0	1	0	0	1	
4987	6184	0	0	0	1	1	0	0	0	1	0	0	0	0	1	1	0	0	0	1	1	1	0	0	0	0	0	0	1	0	1	0	1	0	1	1	1	0	0	1	1	0	1	1	1	0	1	1	0	1	1	0	0	1	0	1	1	0	1	1	0	0	1	1	0	1	1	1	1	1	0	0	0	1	1	1	0	1	0	1	0	1	0	1	1	1	1	0	1	1	1	1	1	1	1	1	0	1	1	1	1	1	0	0	1	0	1	0	1	0	1	1	0	1	1	1	0	1	0	0	1	0	0	1	1	1	0	1	1	1	1	0	0	1	1	1	0	1	1	1	0	1	0	1	1	0	0	1	0	0	1	
4969	6188	0	0	0	1	1	0	0	0	1	0	0	0	0	1	0	0	0	0	1	1	1	0	1	0	0	0	0	1	0	1	0	1	0	1	1	1	0	0	1	1	0	1	1	1	0	1	1	0	1	1	0	0	1	1	1	1	0	1	1	0	0	1	1	0	1	1	1	1	1	0	0	1	1	1	1	0	1	0	1	0	1	0	1	0	1	1	0	1	1	1	1	1	1	1	1	0	1	1	1	1	1	0	0	1	0	1	0	1	1	1	1	0	0	1	1	0	1	0	0	1	0	0	1	1	1	0	1	1	1	1	0	0	1	1	0	0	1	1	1	0	1	0	1	1	0	0	1	0	0	1	
4965	6189	0	0	0	1	1	1	0	0	1	0	0	0	0	1	0	0	0	0	1	1	1	0	0	0	0	0	0	0	0	1	0	1	0	1	1	1	0	0	1	1	0	1	1	1	0	1	1	0	1	1	0	0	1	0	0	1	0	1	1	0	0	1	1	0	1	1	1	1	1	0	1	1	1	1	1	0	1	0	1	0	1	0	1	1	1	1	0	1	1	1	1	1	1	1	1	0	1	1	1	1	1	0	0	1	0	1	0	1	1	1	1	0	0	1	1	0	1	0	0	1	0	0	1	1	1	0	1	1	1	1	0	0	1	1	1	0	1	1	1	0	1	0	1	1	0	0	1	0	0	1	
4958	6191	0	0	0	1	1	0	0	0	1	0	0	0	0	1	0	0	0	0	1	1	1	0	1	0	1	0	0	0	0	1	0	1	0	1	1	1	0	0	1	1	0	1	1	1	0	1	0	0	1	1	0	0	1	0	1	1	0	1	1	0	0	1	1	0	1	1	1	1	1	0	0	1	1	1	1	0	1	0	1	0	1	0	1	1	1	1	0	1	1	1	1	1	1	1	1	0	1	1	1	1	1	0	0	1	0	1	0	1	1	1	1	0	0	1	1	0	1	0	0	1	0	0	1	1	1	0	1	1	1	1	0	0	1	1	1	0	1	1	1	0	1	0	1	1	0	0	1	0	0	1	
4916	6195	0	0	0	1	1	0	0	0	1	0	0	0	0	1	0	0	0	0	1	1	1	0	0	0	1	0	0	1	0	1	0	1	0	1	1	1	0	0	1	1	0	1	1	1	0	1	1	0	1	1	0	0	1	0	1	1	0	1	1	0	0	1	1	0	1	1	1	1	1	0	0	1	1	1	1	0	1	0	1	0	1	0	1	1	1	1	0	1	1	1	1	1	1	1	1	0	1	1	1	1	1	0	0	1	0	1	0	1	1	1	1	0	0	1	1	0	1	0	0	1	0	0	1	1	1	0	1	1	1	1	0	0	1	1	0	0	1	1	1	0	1	0	1	1	0	0	1	0	0	1	
4907	6196	0	0	0	1	1	0	0	0	1	0	0	0	0	1	0	0	0	0	1	1	1	0	0	0	1	0	0	1	0	1	0	0	0	1	1	1	0	0	1	1	0	1	1	1	0	1	1	0	1	1	0	0	1	0	1	1	0	1	1	0	0	1	1	0	1	1	1	1	1	0	0	1	1	1	1	0	1	0	1	0	1	0	1	1	1	1	0	1	1	1	1	1	1	1	1	0	1	1	1	1	1	0	0	1	0	1	0	1	1	1	1	0	0	1	1	1	1	0	0	1	0	0	1	1	1	0	1	1	1	1	0	0	1	1	0	0	1	1	1	0	1	0	1	1	0	0	1	0	0	1	
4888	6200	0	0	0	1	1	0	0	0	1	0	0	0	0	1	0	0	0	0	1	1	1	0	0	0	0	0	0	0	0	1	0	1	0	1	1	1	0	0	1	1	0	1	1	1	0	1	1	0	1	1	0	0	1	1	1	1	0	1	1	0	0	1	1	0	1	1	1	1	1	0	0	1	1	1	1	0	1	0	1	0	1	0	1	0	1	1	0	1	1	1	1	1	1	1	1	0	1	1	1	1	1	0	0	1	0	1	0	1	1	1	1	0	0	1	1	0	1	0	0	1	0	0	1	1	1	0	1	1	1	1	0	0	1	1	1	0	1	1	1	0	1	0	1	1	0	0	1	0	0	1	
4858	6201	0	0	0	1	1	0	0	0	1	0	0	0	0	1	0	0	0	0	1	1	1	0	0	0	0	0	0	0	0	1	0	1	0	1	1	1	0	0	1	1	0	1	1	1	0	1	1	0	1	1	0	0	1	1	1	1	0	1	1	0	0	1	1	0	1	1	1	1	1	0	0	0	1	1	1	0	1	0	1	0	1	0	1	0	1	1	0	1	1	1	1	1	1	1	1	0	1	1	1	1	1	0	0	1	0	1	0	1	1	1	1	0	0	1	1	1	1	0	0	1	0	0	1	1	1	0	1	1	1	1	0	0	1	1	1	0	1	1	1	0	1	0	1	1	0	0	1	0	0	1	
4828	6206	0	0	0	1	1	0	0	0	1	0	0	0	0	1	0	0	0	0	1	1	1	0	0	0	1	0	0	1	0	1	0	1	0	1	1	1	0	0	0	1	0	1	1	1	0	1	1	0	1	1	0	0	1	1	0	1	0	1	1	0	0	1	1	0	1	1	1	1	1	0	0	0	1	1	1	0	1	0	1	0	1	0	1	1	1	1	0	1	1	1	1	1	1	1	1	0	1	1	1	1	1	0	0	1	0	1	0	1	1	1	1	0	0	1	1	1	1	0	0	1	0	0	1	1	1	0	1	1	1	1	0	0	1	1	0	0	1	1	1	0	1	0	1	1	0	0	1	0	0	1	
4773	6207	0	0	0	1	1	0	0	0	1	0	0	0	0	1	0	0	0	0	1	1	1	0	0	1	0	0	0	1	0	1	0	1	0	1	1	1	0	0	0	1	0	1	1	1	0	1	1	0	1	1	0	0	1	0	1	1	0	1	1	0	0	1	1	0	1	1	1	1	1	0	1	1	1	1	1	0	1	0	1	0	1	0	1	0	1	1	0	1	1	1	1	1	1	1	1	0	1	1	1	1	1	0	0	1	0	1	0	1	1	1	1	0	0	1	1	0	1	0	0	1	0	0	1	1	1	0	1	1	1	1	0	0	1	1	0	0	1	1	1	0	1	0	1	1	0	0	1	0	0	1	
4724	6208	0	0	0	1	1	0	0	0	1	0	0	0	0	1	0	0	0	0	1	1	1	0	0	0	0	0	0	0	0	1	0	1	0	1	1	1	0	0	0	1	0	1	1	1	0	1	0	0	1	1	0	0	1	1	1	1	0	1	1	0	0	1	1	0	1	1	1	1	1	0	1	1	1	1	1	0	0	0	1	0	1	0	1	1	1	1	0	1	1	1	1	1	1	1	1	0	1	1	1	1	1	0	0	1	0	1	0	1	1	1	1	0	0	1	1	1	1	0	0	1	0	0	1	1	1	0	1	1	1	1	0	0	1	1	0	0	1	1	1	0	1	0	1	1	0	0	1	0	0	1	
4695	6212	0	0	0	1	1	0	0	0	1	0	0	0	0	1	0	0	0	0	1	1	1	0	0	0	1	0	0	0	0	1	0	1	0	1	1	1	0	0	1	1	0	1	1	1	0	1	1	0	1	1	0	0	1	0	1	1	0	1	1	0	0	1	1	0	1	1	1	1	1	0	1	1	1	1	1	0	1	0	1	0	1	0	1	0	1	1	0	1	1	1	1	1	1	1	1	0	1	1	1	1	1	0	0	1	0	1	0	1	1	1	1	0	0	1	0	0	1	0	0	1	0	0	1	1	1	0	1	1	1	1	0	0	1	1	0	0	1	1	1	0	1	0	1	1	0	0	1	0	0	1	
4644	6216	0	0	0	1	1	0	0	0	1	0	0	0	0	1	0	0	0	0	1	1	1	0	0	0	1	0	0	0	0	1	0	1	0	1	1	1	0	0	0	1	0	1	1	1	0	1	1	0	1	1	0	0	1	1	0	1	0	1	1	0	0	1	1	0	1	1	1	1	1	0	1	1	1	1	1	0	0	0	1	0	1	0	1	0	1	1	0	1	1	1	1	1	1	1	1	0	1	1	1	1	1	0	0	1	0	1	0	1	1	1	1	0	0	1	1	0	1	0	0	1	0	0	1	1	1	0	1	1	1	1	0	0	1	1	0	0	1	1	1	0	1	0	1	1	0	0	1	0	0	1	
4614	6217	0	0	0	1	1	0	0	0	1	0	0	0	0	1	0	0	0	0	1	1	1	0	0	0	1	0	0	0	0	1	0	1	0	1	1	1	0	0	0	1	0	1	1	1	0	1	1	0	1	1	0	0	1	1	0	1	0	1	1	0	0	1	1	0	1	1	1	1	1	0	1	0	1	1	1	0	0	0	1	0	1	0	1	0	1	1	0	1	1	1	1	1	1	1	1	0	1	1	1	1	1	0	0	1	0	1	0	1	1	1	1	0	0	1	1	1	1	0	0	1	0	0	1	1	1	0	1	1	1	1	0	0	1	1	0	0	1	1	1	0	1	0	1	1	0	0	1	0	0	1	
4503	6218	0	0	0	1	1	0	0	0	1	0	0	0	0	1	1	0	0	0	1	1	1	0	0	0	1	0	0	0	0	1	0	1	0	1	1	1	0	0	0	1	0	1	1	1	0	1	1	0	1	1	0	0	1	1	0	1	0	1	1	0	0	1	1	0	0	1	1	1	1	0	1	0	1	1	1	0	1	0	1	0	1	0	1	0	1	1	0	1	1	1	1	1	1	1	1	0	1	1	1	1	1	0	0	1	0	1	0	1	0	1	1	0	0	1	0	1	1	0	0	1	0	0	1	1	1	0	1	1	1	1	0	0	1	1	0	0	1	1	1	0	1	0	1	1	0	0	1	0	0	1	
